,ID,Team1Won,Season,Date,Team1,Team2,Home,Team1Pts,Team2Pts,Team1PtDiff,Team2PtDiff,Team1TM,Team2TM,Team1Rating,Team2Rating,Team1Sks,Team2Sks,Team1SkYds,Team2SkYds,Team1RushAtt,Team2RushAtt,Team1RushYds,Team2RushYds,Team1RYM,Team2RYM,Team1PYM,Team2PYM,Team1YM,Team2YM
0,1477,True,2022,2022-09-08,BUF,LAR,0,31,10,21,-21,-1,1,112.0,58.1,2,7,5,49,25,18,121,52,69,-69,101,-101,170,-170
1,1449,False,2022,2022-09-11,ATL,NOR,1,26,27,-1,1,-1,1,79.7,106.7,0,4,0,35,38,19,201,151,50,-50,-19,19,31,-31
2,1451,False,2022,2022-09-11,CAR,CLE,1,24,26,-2,2,-1,1,84.6,72.9,4,1,28,9,19,39,54,217,-163,163,69,-69,-94,94
3,1453,True,2022,2022-09-11,CHI,SFO,1,19,10,9,-9,1,-1,85.7,49.0,2,2,16,9,37,37,99,176,-77,77,-50,50,-127,127
4,1455,False,2022,2022-09-11,CIN,PIT,1,20,23,-3,3,-5,5,61.7,78.0,7,1,39,2,34,22,133,75,58,-58,107,-107,165,-165
5,1457,False,2022,2022-09-11,ARI,KAN,1,21,44,-23,23,1,-1,94.7,144.2,3,0,26,0,22,27,103,128,-25,25,-181,181,-206,206
6,1459,False,2022,2022-09-11,DAL,TAM,1,3,19,-16,16,0,0,53.5,84.6,4,2,25,17,18,33,71,152,-81,81,-22,22,-103,103
7,1475,False,2022,2022-09-11,JAX,WAS,0,22,28,-6,6,2,-2,75.0,100.2,2,1,15,8,18,28,123,85,38,-38,-45,45,-7,7
8,1463,False,2022,2022-09-11,IND,HOU,0,20,20,0,0,-1,1,83.1,96.9,2,3,12,18,38,28,177,77,100,-100,118,-118,218,-218
9,1473,False,2022,2022-09-11,LVR,LAC,0,19,24,-5,5,-3,3,69.1,129.4,6,0,39,0,13,31,64,76,-12,12,-23,23,-35,35
10,1471,True,2022,2022-09-11,NYG,TEN,0,21,20,1,-1,-1,1,115.9,106.4,5,1,32,0,32,26,238,93,145,-145,-110,110,35,-35
11,1461,False,2022,2022-09-11,DET,PHI,1,35,38,-3,3,-1,1,80.3,80.1,1,1,10,4,28,39,181,216,-35,35,-34,34,-69,69
12,1467,False,2022,2022-09-11,GNB,MIN,0,7,23,-16,16,-2,2,74.7,117.8,4,1,33,8,18,28,111,126,-15,15,-42,42,-57,57
13,1465,True,2022,2022-09-11,MIA,NWE,1,20,7,13,-13,3,-3,104.4,84.4,3,2,28,20,23,22,65,78,-13,13,49,-49,36,-36
14,1469,False,2022,2022-09-11,NYJ,BAL,1,9,24,-15,15,-1,1,74.8,98.1,3,2,12,2,17,21,83,63,20,-20,86,-86,106,-106
15,1447,False,2022,2022-09-12,DEN,SEA,0,16,17,-1,1,-1,1,101.3,116.8,2,2,10,18,20,19,103,76,27,-27,153,-153,180,-180
16,1445,True,2022,2022-09-15,KAN,LAC,1,27,24,3,-3,1,-1,106.2,99.8,1,2,9,8,18,24,93,75,18,-18,-100,100,-82,82
17,1419,False,2022,2022-09-18,CLE,NYJ,1,30,31,-1,1,0,0,98.9,110.3,1,2,8,15,37,20,184,93,91,-91,-88,88,3,-3
18,1421,False,2022,2022-09-18,CIN,DAL,0,17,20,-3,3,1,-1,89.9,94.8,6,1,34,5,25,27,89,107,-18,18,-65,65,-83,83
19,1423,True,2022,2022-09-18,DEN,HOU,1,16,9,7,-7,-1,1,66.5,60.6,3,3,18,23,31,18,149,80,69,-69,47,-47,116,-116
20,1425,True,2022,2022-09-18,DET,WAS,1,36,27,9,-9,1,-1,121.7,97.0,3,5,22,29,24,21,191,88,103,-103,-74,74,29,-29
21,1427,False,2022,2022-09-18,CHI,GNB,0,10,27,-17,17,0,0,43.8,127.2,3,3,22,23,27,38,180,203,-23,23,-163,163,-186,186
22,1429,False,2022,2022-09-18,IND,JAX,0,0,24,-24,24,-3,3,34.0,121.5,5,0,31,0,13,37,54,96,-42,42,-71,71,-113,113
23,1433,False,2022,2022-09-18,CAR,NYG,0,16,19,-3,3,-2,2,74.6,85.7,2,3,16,14,23,33,146,103,43,-43,-33,33,10,-10
24,1435,True,2022,2022-09-18,NWE,PIT,0,17,14,3,-3,1,-1,79.7,71.8,0,3,0,16,31,22,124,91,33,-33,100,-100,133,-133
25,1439,False,2022,2022-09-18,ATL,LAR,0,27,31,-4,4,0,0,81.6,100.7,3,1,25,0,27,26,90,65,25,-25,-101,101,-76,76
26,1441,True,2022,2022-09-18,MIA,BAL,0,42,38,4,-4,-2,2,124.1,142.6,1,0,8,0,18,25,86,155,-69,69,143,-143,74,-74
27,1443,False,2022,2022-09-18,SEA,SFO,0,7,27,-20,20,-3,3,66.2,100.0,2,1,17,0,14,45,36,189,-153,153,-4,4,-157,157
28,1431,False,2022,2022-09-18,NOR,TAM,1,10,20,-10,10,-4,4,55.8,79.0,6,1,28,2,20,30,100,72,28,-28,20,-20,48,-48
29,1437,True,2022,2022-09-18,ARI,LVR,0,29,23,6,-6,0,0,76.7,98.7,1,1,7,8,28,21,143,80,63,-63,26,-26,89,-89
30,1415,True,2022,2022-09-19,BUF,TEN,1,41,7,34,-34,4,-4,122.6,27.6,1,2,4,16,24,27,101,80,21,-21,206,-206,227,-227
31,1417,False,2022,2022-09-19,MIN,PHI,0,7,24,-17,17,-2,2,51.1,107.4,2,3,19,10,11,34,62,163,-101,101,-121,121,-222,222
32,1413,True,2022,2022-09-22,CLE,PIT,1,29,17,12,-12,1,-1,109.6,80.7,2,1,15,3,38,22,171,104,67,-67,1,-1,68,-68
33,1409,True,2022,2022-09-25,GNB,TAM,0,14,12,2,-2,0,0,103.9,96.4,1,3,7,20,25,14,67,34,33,-33,-3,3,30,-30
34,1385,True,2022,2022-09-25,CAR,NOR,1,22,14,8,-8,3,-3,83.7,75.5,3,1,22,11,31,22,145,84,61,-61,-194,194,-133,133
35,1387,True,2022,2022-09-25,CHI,HOU,1,23,20,3,-3,0,0,27.7,69.4,5,1,24,8,40,24,281,92,189,-189,-155,155,34,-34
36,1411,True,2022,2022-09-25,PHI,WAS,0,24,8,16,-16,1,-1,123.5,65.4,3,9,12,58,30,22,72,87,-15,15,175,-175,160,-160
37,1391,False,2022,2022-09-25,ARI,LAR,1,12,20,-8,8,1,-1,77.8,101.9,2,1,19,10,21,20,70,100,-30,30,56,-56,26,-26
38,1393,True,2022,2022-09-25,DEN,SFO,1,11,10,1,-1,3,-3,75.8,76.7,4,4,24,32,33,19,101,88,13,-13,-19,19,-6,6
39,1395,False,2022,2022-09-25,BUF,MIA,0,19,21,-2,2,-1,1,94.7,108.5,4,2,18,15,23,17,115,41,74,-74,211,-211,285,-285
40,1389,True,2022,2022-09-25,IND,KAN,1,20,17,3,-3,1,-1,105.9,75.8,5,1,45,5,27,23,82,58,24,-24,-80,80,-56,56
41,1399,False,2022,2022-09-25,NWE,BAL,1,26,37,-11,11,-2,2,62.1,108.6,3,4,19,12,28,26,145,188,-43,43,96,-96,53,-53
42,1401,True,2022,2022-09-25,CIN,NYJ,0,27,12,15,-15,3,-3,114.9,51.1,2,4,14,33,28,20,69,76,-7,7,9,-9,2,-2
43,1403,True,2022,2022-09-25,TEN,LVR,1,24,22,2,-2,0,0,98.4,85.4,1,1,12,7,27,19,109,96,13,-13,-48,48,-35,35
44,1405,True,2022,2022-09-25,JAX,LAC,0,38,10,28,-28,2,-2,115.5,73.0,0,1,0,11,36,12,151,26,125,-125,-24,24,101,-101
45,1407,True,2022,2022-09-25,ATL,SEA,0,27,23,4,-4,-1,1,99.8,97.5,3,2,22,17,31,23,179,112,67,-67,-101,101,-34,34
46,1397,False,2022,2022-09-25,DET,MIN,0,24,28,-4,4,0,0,79.0,92.5,0,1,0,10,35,25,139,123,16,-16,27,-27,43,-43
47,1383,True,2022,2022-09-26,DAL,NYG,0,23,16,7,-7,1,-1,98.2,54.9,0,5,0,27,30,25,176,167,9,-9,46,-46,55,-55
48,1381,True,2022,2022-09-29,CIN,MIA,1,27,15,12,-12,2,-2,118.0,71.1,1,1,6,10,30,22,67,85,-18,18,11,-11,-7,7
49,1361,False,2022,2022-10-02,DET,SEA,1,45,48,-3,3,-1,1,121.2,132.6,1,0,9,0,25,33,145,235,-90,90,55,-55,-35,35
50,1353,True,2022,2022-10-02,ATL,CLE,1,23,20,3,-3,1,-1,41.3,67.1,1,1,8,8,35,35,202,177,25,-25,-95,95,-70,70
51,1355,False,2022,2022-10-02,CAR,ARI,1,16,26,-10,10,-2,2,61.9,96.6,2,1,17,1,13,37,40,132,-92,92,-26,26,-118,118
52,1357,False,2022,2022-10-02,IND,TEN,1,17,24,-7,7,-3,3,109.7,121.4,3,3,29,21,23,28,38,127,-89,89,211,-211,122,-122
53,1359,True,2022,2022-10-02,DAL,WAS,1,25,10,15,-15,2,-2,107.5,55.2,1,2,6,15,29,27,62,142,-80,80,62,-62,-18,18
54,1363,True,2022,2022-10-02,GNB,NWE,1,27,24,3,-3,-1,1,89.1,98.1,1,4,7,32,35,33,199,167,32,-32,140,-140,172,-172
55,1369,False,2022,2022-10-02,CHI,NYG,0,12,20,-8,8,-1,1,76.7,41.4,6,1,19,11,32,44,149,262,-113,113,84,-84,-29,29
56,1367,True,2022,2022-10-02,MIN,NOR,0,28,25,3,-3,1,-1,86.1,107.3,3,2,23,9,25,27,81,111,-30,30,36,-36,6,-6
57,1379,True,2022,2022-10-02,KAN,TAM,0,41,31,10,-10,1,-1,97.7,113.7,3,1,21,12,37,6,189,3,186,-186,-145,145,41,-41
58,1371,False,2022,2022-10-02,JAX,PHI,0,21,29,-8,8,-4,4,84.3,70.6,4,2,26,13,19,50,71,210,-139,139,-43,43,-182,182
59,1373,True,2022,2022-10-02,NYJ,PIT,0,24,20,4,-4,2,-2,69.0,45.5,1,3,4,26,29,31,98,119,-21,21,72,-72,51,-51
60,1375,False,2022,2022-10-02,DEN,LVR,0,23,32,-9,9,-1,1,124.9,74.8,3,2,23,15,20,38,85,212,-127,127,41,-41,-86,86
61,1377,True,2022,2022-10-02,BUF,BAL,0,23,20,3,-3,0,0,68.4,61.6,1,2,12,10,25,33,125,162,-37,37,67,-67,30,-30
62,1365,False,2022,2022-10-02,HOU,LAC,1,24,34,-10,10,-1,1,88.5,113.0,4,1,31,2,14,27,131,81,50,-50,-123,123,-73,73
63,1351,False,2022,2022-10-03,LAR,SFO,0,9,24,-15,15,-2,2,71.0,100.7,7,0,54,0,18,22,57,88,-31,31,-39,39,-70,70
64,1349,True,2022,2022-10-06,IND,DEN,0,12,9,3,-3,0,0,60.1,52.3,6,4,51,24,26,28,106,125,-19,19,-50,50,-69,69
65,1323,False,2022,2022-10-09,CAR,SFO,1,15,37,-22,22,0,0,69.0,108.2,6,2,31,9,17,29,64,153,-89,89,0,0,-89,89
66,1325,False,2022,2022-10-09,CLE,LAC,1,28,30,-2,2,-1,1,79.3,93.6,0,1,0,1,31,34,213,238,-25,25,3,-3,-22,22
67,1327,False,2022,2022-10-09,ARI,PHI,1,17,20,-3,3,-1,1,80.5,87.5,1,2,11,21,26,33,124,139,-15,15,21,-21,6,-6
68,1329,False,2022,2022-10-09,GNB,NYG,1,22,27,-5,5,0,0,96.3,99.5,2,1,15,4,20,31,94,125,-31,31,-6,6,-37,37
69,1331,True,2022,2022-10-09,HOU,JAX,0,13,6,7,-7,2,-2,81.9,54.0,1,0,8,0,31,26,116,136,-20,20,-154,154,-174,174
70,1333,False,2022,2022-10-09,CHI,MIN,0,22,29,-7,7,0,0,118.7,95.6,2,1,15,7,24,31,78,117,-39,39,-119,119,-158,158
71,1321,True,2022,2022-10-09,BUF,PIT,1,38,3,35,-35,0,0,128.5,73.4,0,3,0,17,18,17,120,54,66,-66,122,-122,188,-188
72,1337,False,2022,2022-10-09,DET,NWE,0,0,29,-29,29,-1,1,62.7,100.0,2,0,18,0,27,35,101,176,-75,75,23,-23,-52,52
73,1339,False,2022,2022-10-09,MIA,NYJ,0,17,40,-23,23,-2,2,56.7,94.7,2,2,8,23,26,33,137,135,2,-2,-29,29,-27,27
74,1341,True,2022,2022-10-09,DAL,LAR,0,22,10,12,-12,3,-3,80.7,82.1,3,5,26,35,34,15,163,38,125,-125,-209,209,-84,84
75,1343,False,2022,2022-10-09,CIN,BAL,0,17,19,-2,2,0,0,82.7,71.1,3,1,27,4,21,28,101,155,-54,54,20,-20,-34,34
76,1345,False,2022,2022-10-09,ATL,TAM,0,15,21,-6,6,0,0,86.6,92.7,5,0,37,0,31,23,151,69,82,-82,-241,241,-159,159
77,1347,True,2022,2022-10-09,TEN,WAS,0,21,17,4,-4,1,-1,95.6,101.0,5,3,45,17,32,17,105,43,62,-62,-206,206,-144,144
78,1335,True,2022,2022-10-09,NOR,SEA,1,39,32,7,-7,-1,1,103.6,135.8,1,3,6,23,48,21,235,151,84,-84,-42,42,42,-42
79,1319,True,2022,2022-10-10,KAN,LVR,1,30,29,1,-1,0,0,117.6,108.1,3,2,27,18,23,24,103,155,-52,52,42,-42,-10,10
80,1317,False,2022,2022-10-13,CHI,WAS,1,7,12,-5,5,-2,2,71.5,63.8,5,3,36,13,37,28,237,128,109,-109,68,-68,177,-177
81,1293,True,2022,2022-10-16,ATL,SFO,1,28,14,14,-14,3,-3,144.6,87.0,2,0,8,0,40,16,168,50,118,-118,-175,175,-57,57
82,1295,False,2022,2022-10-16,CLE,NWE,1,15,38,-23,23,-3,3,54.5,117.4,4,2,8,8,18,29,70,98,-28,28,-43,43,-71,71
83,1297,True,2022,2022-10-16,IND,JAX,1,34,27,7,-7,1,-1,107.6,107.6,0,4,0,29,16,33,45,243,-198,198,253,-253,55,-55
84,1299,False,2022,2022-10-16,GNB,NYJ,1,10,27,-17,17,-1,1,84.9,71.3,4,2,36,11,20,33,60,179,-119,119,119,-119,0,0
85,1301,True,2022,2022-10-16,BUF,KAN,0,24,20,4,-4,1,-1,117.6,83.2,1,3,11,19,31,18,125,68,57,-57,-1,1,56,-56
86,1305,True,2022,2022-10-16,CIN,NOR,0,30,26,4,-4,-1,1,126.0,75.1,3,1,27,7,14,34,75,228,-153,153,102,-102,-51,51
87,1307,True,2022,2022-10-16,NYG,BAL,1,24,20,4,-4,1,-1,112.1,69.1,4,2,18,15,31,24,83,211,-128,128,-40,40,-168,168
88,1309,False,2022,2022-10-16,DAL,PHI,0,17,26,-9,9,-3,3,37.3,100.7,0,4,0,23,26,39,134,136,-2,2,49,-49,47,-47
89,1311,True,2022,2022-10-16,PIT,TAM,1,20,18,2,-2,0,0,109.2,86.4,2,2,18,14,29,26,77,75,2,-2,-36,36,-34,34
90,1313,False,2022,2022-10-16,CAR,LAR,0,10,24,-14,14,0,0,57.4,95.6,2,1,9,4,21,29,93,111,-18,18,-139,139,-157,157
91,1315,False,2022,2022-10-16,ARI,SEA,0,9,19,-10,10,-1,1,67.6,77.4,6,5,51,37,28,30,144,136,8,-8,11,-11,19,-19
92,1303,False,2022,2022-10-16,MIA,MIN,1,16,24,-8,8,-3,3,88.8,101.5,6,3,33,19,20,17,73,78,-5,5,229,-229,224,-224
93,1291,False,2022,2022-10-17,DEN,LAC,0,16,19,-3,3,0,0,86.6,65.2,4,2,28,14,23,24,98,73,25,-25,-64,64,-39,39
94,1289,True,2022,2022-10-20,ARI,NOR,1,42,34,8,-8,3,-3,100.4,93.0,2,0,15,0,29,22,137,85,52,-52,-220,220,-168,168
95,1265,True,2022,2022-10-23,CAR,TAM,1,21,3,18,-18,0,0,126.5,80.0,1,1,7,14,27,16,173,46,127,-127,-106,106,21,-21
96,1267,False,2022,2022-10-23,ATL,CIN,0,17,35,-18,18,0,0,118.7,136.0,3,3,17,22,29,21,107,78,29,-29,-352,352,-323,323
97,1271,False,2022,2022-10-23,DEN,NYJ,1,9,16,-7,7,-1,1,56.9,70.2,1,3,6,16,28,24,105,155,-50,50,114,-114,64,-64
98,1269,True,2022,2022-10-23,DAL,DET,1,24,6,18,-18,4,-4,113.2,65.9,2,5,16,33,32,25,139,117,22,-22,-4,4,18,-18
99,1273,False,2022,2022-10-23,JAX,NYG,1,17,23,-6,6,-1,1,73.1,93.7,0,1,0,2,21,39,142,236,-94,94,110,-110,16,-16
100,1283,False,2022,2022-10-23,LAC,SEA,1,23,37,-14,14,0,0,84.8,102.5,3,2,17,19,15,34,53,213,-160,160,85,-85,-75,75
101,1277,False,2022,2022-10-23,IND,TEN,0,10,19,-9,9,-2,2,76.2,80.4,3,2,16,16,17,35,65,138,-73,73,111,-111,38,-38
102,1287,False,2022,2022-10-23,GNB,WAS,0,21,23,-2,2,0,0,99.0,85.2,0,1,0,3,12,38,38,166,-128,128,-4,4,-132,132
103,1285,True,2022,2022-10-23,KAN,SFO,0,44,23,21,-21,1,-1,125.1,82.1,1,5,6,26,21,21,112,101,11,-11,74,-74,85,-85
104,1275,True,2022,2022-10-23,MIA,PIT,1,16,10,6,-6,3,-3,92.7,65.2,0,2,0,11,27,23,111,95,16,-16,15,-15,31,-31
105,1279,False,2022,2022-10-23,HOU,LVR,0,20,38,-18,18,-1,1,95.8,115.4,1,1,6,5,23,27,108,164,-56,56,60,-60,4,-4
106,1281,False,2022,2022-10-23,CLE,BAL,0,20,23,-3,3,-1,1,106.5,73.4,5,3,35,26,24,44,113,160,-47,47,129,-129,82,-82
107,1263,True,2022,2022-10-24,CHI,NWE,0,33,14,19,-19,3,-3,85.2,53.3,4,1,32,8,45,19,243,70,173,-173,-43,43,130,-130
108,1261,True,2022,2022-10-27,BAL,TAM,0,27,22,5,-5,1,-1,104.9,87.8,3,3,16,20,33,15,231,44,187,-187,-83,83,104,-104
109,1237,True,2022,2022-10-30,BUF,GNB,1,27,17,10,-10,-1,1,75.1,89.6,2,2,2,13,27,31,153,208,-55,55,26,-26,-29,29
110,1239,False,2022,2022-10-30,IND,WAS,1,16,17,-1,1,-1,1,100.1,97.0,2,2,12,13,29,28,135,96,39,-39,-77,77,-38,38
111,1241,False,2022,2022-10-30,CHI,DAL,0,29,49,-20,20,0,0,119.4,113.3,4,1,25,8,43,29,240,200,40,-40,-111,111,-71,71
112,1243,False,2022,2022-10-30,DET,MIA,1,27,31,-4,4,1,-1,108.1,137.2,1,2,10,13,19,26,82,107,-25,25,-58,58,-83,83
113,1245,False,2022,2022-10-30,HOU,TEN,1,10,17,-7,7,1,-1,67.6,29.2,3,3,34,15,18,45,43,314,-271,271,78,-78,-193,193
114,1249,False,2022,2022-10-30,ARI,MIN,0,26,34,-8,8,-2,2,95.5,100.2,4,3,29,24,22,29,78,173,-95,95,89,-89,-6,6
115,1251,True,2022,2022-10-30,NOR,LVR,1,24,0,24,-24,1,-1,116.5,56.0,0,4,0,28,32,13,136,38,98,-98,86,-86,184,-184
116,1235,True,2022,2022-10-30,ATL,CAR,1,37,34,3,-3,-1,1,105.2,79.5,2,1,14,8,37,36,167,169,-2,2,-70,70,-72,72
117,1255,True,2022,2022-10-30,PHI,PIT,1,35,13,22,-22,2,-2,140.0,72.7,3,6,18,38,20,24,111,144,-33,33,132,-132,99,-99
118,1257,False,2022,2022-10-30,LAR,SFO,1,14,31,-17,17,0,0,91.4,146.3,2,3,20,12,21,23,56,111,-55,55,-90,90,-145,145
119,1259,False,2022,2022-10-30,NYG,SEA,0,13,27,-14,14,-1,1,71.4,101.3,5,3,29,22,28,25,78,87,-9,9,-43,43,-52,52
120,1247,True,2022,2022-10-30,DEN,JAX,0,21,17,4,-4,1,-1,84.3,49.7,3,2,22,19,28,32,101,191,-90,90,116,-116,26,-26
121,1253,True,2022,2022-10-30,NWE,NYJ,0,22,17,5,-5,2,-2,79.9,62.7,6,2,33,19,34,15,127,51,76,-76,-175,175,-99,99
122,1233,False,2022,2022-10-31,CIN,CLE,0,13,32,-19,19,0,0,96.4,108.6,5,2,39,10,10,44,36,172,-136,136,-75,75,-211,211
123,1231,False,2022,2022-11-03,HOU,PHI,1,17,29,-12,12,-1,1,72.9,124.8,3,4,19,26,32,31,168,143,25,-25,-82,82,-57,57
124,1229,True,2022,2022-11-06,MIN,WAS,0,20,17,3,-3,0,0,81.6,74.4,2,3,17,23,22,30,56,137,-81,81,119,-119,38,-38
125,1209,False,2022,2022-11-06,ATL,LAC,1,17,20,-3,3,0,0,68.9,82.0,2,0,15,0,35,24,201,91,110,-110,-131,131,-21,21
126,1213,False,2022,2022-11-06,CAR,CIN,0,21,42,-21,21,-3,3,66.5,107.4,0,2,0,5,18,39,64,241,-177,177,-59,59,-236,236
127,1215,False,2022,2022-11-06,ARI,SEA,1,21,31,-10,10,0,0,101.5,105.4,5,2,35,12,21,34,122,158,-36,36,-123,123,-159,159
128,1217,True,2022,2022-11-06,DET,GNB,1,15,9,6,-6,2,-2,78.5,52.8,0,1,0,8,31,25,117,106,11,-11,-146,146,-135,135
129,1211,False,2022,2022-11-06,CHI,MIA,1,32,35,-3,3,0,0,106.7,135.7,2,0,7,0,40,23,252,77,175,-175,-186,186,-11,11
130,1221,True,2022,2022-11-06,KAN,TEN,1,20,17,3,-3,-1,1,80.9,43.0,4,3,24,23,19,29,77,172,-95,95,365,-365,270,-270
131,1223,False,2022,2022-11-06,IND,NWE,0,3,26,-23,23,0,0,45.6,87.2,9,4,60,14,22,28,78,70,8,-8,-90,90,-82,82
132,1225,False,2022,2022-11-06,BUF,NYJ,0,17,20,-3,3,-1,1,46.8,98.1,5,2,22,18,22,34,134,174,-40,40,47,-47,7,-7
133,1227,False,2022,2022-11-06,LAR,TAM,0,13,16,-3,3,0,0,80.0,79.1,4,1,27,8,24,20,68,51,17,-17,-134,134,-117,117
134,1219,True,2022,2022-11-06,JAX,LVR,1,27,20,7,-7,0,0,109.0,97.9,0,2,0,11,37,19,168,73,95,-95,-13,13,82,-82
135,1207,False,2022,2022-11-07,NOR,BAL,1,13,27,-14,14,-1,1,85.8,87.5,4,3,28,2,15,40,48,188,-140,140,64,-64,-76,76
136,1205,False,2022,2022-11-10,ATL,CAR,0,15,25,-10,10,-1,1,89.0,80.5,5,1,33,7,25,47,138,232,-94,94,52,-52,-42,42
137,1181,False,2022,2022-11-13,BUF,MIN,1,30,33,-3,3,-2,2,78.6,69.9,2,4,19,23,27,25,175,147,28,-28,-23,23,5,-5
138,1183,False,2022,2022-11-13,CHI,DET,1,30,31,-1,1,-1,1,99.4,112.3,3,2,17,8,35,31,258,95,163,-163,-78,78,85,-85
139,1185,False,2022,2022-11-13,DAL,GNB,0,28,31,-3,3,0,0,78.6,143.3,2,2,3,16,31,39,159,207,-48,48,54,-54,6,-6
140,1187,False,2022,2022-11-13,JAX,KAN,0,17,27,-10,10,3,-3,106.1,129.6,5,0,19,0,16,27,75,155,-80,80,-91,91,-171,171
141,1191,False,2022,2022-11-13,HOU,NYG,0,16,24,-8,8,-2,2,85.3,148.2,4,3,33,21,19,47,101,191,-90,90,110,-110,20,-20
142,1189,False,2022,2022-11-13,CLE,MIA,0,17,39,-22,22,-1,1,89.2,134.3,3,1,27,6,24,33,112,195,-83,83,-111,111,-194,194
143,1195,False,2022,2022-11-13,NOR,PIT,0,10,20,-10,10,-2,2,60.7,74.6,2,6,17,37,15,43,29,217,-188,188,-5,5,-193,193
144,1203,False,2022,2022-11-13,SEA,TAM,0,16,21,-5,5,1,-1,115.1,93.5,3,0,31,0,14,44,39,161,-122,122,-14,14,-136,136
145,1201,False,2022,2022-11-13,LAC,SFO,0,16,22,-6,6,0,0,69.2,92.9,3,1,9,10,16,41,51,157,-106,106,-43,43,-149,149
146,1193,False,2022,2022-11-13,DEN,TEN,0,10,17,-7,7,0,0,70.1,92.8,6,1,38,11,25,23,65,63,2,-2,4,-4,6,-6
147,1197,True,2022,2022-11-13,IND,LVR,0,25,20,5,-5,-1,1,109.5,97.7,1,2,14,16,30,24,207,77,130,-130,-24,24,106,-106
148,1199,True,2022,2022-11-13,ARI,LAR,0,27,17,10,-10,2,-2,96.5,77.5,2,3,18,19,26,20,78,66,12,-12,30,-30,42,-42
149,1179,False,2022,2022-11-14,PHI,WAS,1,21,32,-11,11,-2,2,94.2,62.1,1,3,5,33,20,49,94,152,-58,58,-8,8,-66,66
150,1177,False,2022,2022-11-17,GNB,TEN,1,17,27,-10,10,1,-1,94.7,132.8,1,3,12,17,19,32,56,88,-32,32,-105,105,-137,137
151,1153,True,2022,2022-11-20,ATL,CHI,1,27,24,3,-3,-1,1,100.2,79.1,0,4,0,25,33,41,149,160,-11,11,3,-3,-8,8
152,1155,True,2022,2022-11-20,BUF,CLE,1,31,23,8,-8,1,-1,100.4,115.5,2,1,11,8,33,26,171,80,91,-91,-130,130,-39,39
153,1157,False,2022,2022-11-20,IND,PHI,1,16,17,-1,1,1,-1,89.7,104.2,4,3,28,17,26,33,99,141,-42,42,12,-12,-30,30
154,1159,False,2022,2022-11-20,DEN,LVR,1,16,22,-6,6,0,0,99.8,105.5,3,1,21,9,28,24,94,109,-15,15,-72,72,-87,87
155,1161,False,2022,2022-11-20,HOU,WAS,1,10,23,-13,13,-2,2,46.1,77.9,5,0,42,0,16,40,21,153,-132,132,-64,64,-196,196
156,1165,True,2022,2022-11-20,NOR,LAR,1,27,20,7,-7,0,0,143.2,101.5,4,4,39,35,24,30,88,148,-60,60,47,-47,-13,13
157,1167,True,2022,2022-11-20,NWE,NYJ,1,10,3,7,-7,0,0,104.6,48.7,6,4,48,33,26,23,99,59,40,-40,154,-154,194,-194
158,1171,True,2022,2022-11-20,CIN,PIT,0,37,30,7,-7,-2,2,104.1,84.3,2,2,9,16,24,24,62,102,-40,40,97,-97,57,-57
159,1173,False,2022,2022-11-20,CAR,BAL,0,3,13,-10,10,-2,2,54.6,74.4,4,3,27,16,17,30,36,115,-79,79,-24,24,-103,103
160,1175,True,2022,2022-11-20,KAN,LAC,0,30,27,3,-3,1,-1,120.8,109.0,1,5,7,30,27,30,163,115,48,-48,72,-72,120,-120
161,1163,True,2022,2022-11-20,DAL,MIN,0,40,3,37,-37,1,-1,131.5,64.6,0,7,0,49,40,17,151,73,78,-78,197,-197,275,-275
162,1169,True,2022,2022-11-20,DET,NYG,0,31,18,13,-13,3,-3,83.0,72.5,0,2,0,17,37,26,160,89,71,-71,-159,159,-88,88
163,1151,False,2022,2022-11-21,ARI,SFO,1,10,38,-28,28,-2,2,66.2,131.9,3,0,30,0,24,28,67,159,-92,92,19,-19,-73,73
164,1145,True,2022,2022-11-24,DAL,NYG,1,28,20,8,-8,-2,2,91.1,86.6,0,3,0,18,39,21,169,90,79,-79,51,-51,130,-130
165,1147,True,2022,2022-11-24,BUF,DET,0,28,25,3,-3,1,-1,80.8,97.8,3,2,16,10,29,28,164,96,68,-68,7,-7,75,-75
166,1149,True,2022,2022-11-24,MIN,NWE,1,33,26,7,-7,-1,1,116.0,117.9,1,3,9,18,27,13,57,45,12,-12,-63,63,-51,51
167,1143,False,2022,2022-11-27,ATL,WAS,0,13,19,-6,6,0,0,77.7,88.7,1,0,9,0,29,37,167,176,-9,9,27,-27,18,-18
168,1121,True,2022,2022-11-27,CAR,DEN,1,23,10,13,-13,1,-1,103.8,71.7,0,3,0,17,46,19,185,121,64,-64,39,-39,103,-103
169,1123,True,2022,2022-11-27,CLE,TAM,1,23,17,6,-6,-1,1,75.3,96.0,4,3,32,17,34,20,189,96,93,-93,-51,51,42,-42
170,1127,True,2022,2022-11-27,JAX,BAL,1,28,27,1,-1,1,-1,129.8,87.1,4,1,27,1,20,35,38,162,-124,124,41,-41,-83,83
171,1129,True,2022,2022-11-27,KAN,LAR,1,26,10,16,-16,0,0,85.4,44.1,0,3,0,24,30,28,117,116,1,-1,238,-238,239,-239
172,1125,False,2022,2022-11-27,ARI,LAC,1,24,25,-1,1,-2,2,89.9,107.2,1,4,6,28,34,13,181,65,116,-116,-61,61,55,-55
173,1133,False,2022,2022-11-27,CHI,NYJ,0,10,31,-21,21,-1,1,75.2,144.0,2,1,14,7,29,32,127,158,-31,31,-143,143,-174,174
174,1135,True,2022,2022-11-27,CIN,TEN,0,20,16,4,-4,0,0,91.0,90.4,1,1,4,10,28,21,108,63,45,-45,-15,15,30,-30
175,1137,False,2022,2022-11-27,GNB,PHI,0,33,40,-7,7,-1,1,107.2,93.9,3,2,17,16,21,49,106,363,-257,257,99,-99,-158,158
176,1139,True,2022,2022-11-27,LVR,SEA,0,40,34,6,-6,0,0,98.7,104.2,1,3,2,21,40,23,283,65,218,-218,-14,14,204,-204
177,1141,False,2022,2022-11-27,NOR,SFO,0,0,13,-13,13,-2,2,80.4,94.5,1,1,7,1,22,29,63,96,-33,33,-24,24,-57,57
178,1131,False,2022,2022-11-27,HOU,MIA,0,15,30,-15,15,-2,2,67.8,84.7,5,5,41,32,14,26,36,66,-30,30,-99,99,-129,129
179,1119,False,2022,2022-11-28,IND,PIT,1,17,24,-7,7,-2,2,77.9,84.1,3,3,19,23,25,36,110,172,-62,62,29,-29,-33,33
180,1117,True,2022,2022-12-01,BUF,NWE,0,24,10,14,-14,-1,1,106.0,83.3,2,1,0,13,37,14,132,60,72,-72,41,-41,113,-113
181,1091,False,2022,2022-12-04,ATL,PIT,1,16,19,-3,3,-1,1,72.7,90.9,1,0,7,0,28,37,146,154,-8,8,-37,37,-45,45
182,1093,False,2022,2022-12-04,CHI,GNB,1,19,28,-9,9,-3,3,75.7,85.7,0,0,0,0,25,32,155,175,-20,20,72,-72,52,-52
183,1095,True,2022,2022-12-04,CIN,KAN,1,27,24,3,-3,1,-1,126.6,96.4,1,2,7,12,34,25,152,138,14,-14,68,-68,82,-82
184,1097,False,2022,2022-12-04,IND,DAL,0,19,54,-35,35,-4,4,59.9,100.0,3,1,30,5,30,34,106,220,-114,114,38,-38,-76,76
185,1101,True,2022,2022-12-04,CLE,HOU,0,27,14,13,-13,2,-2,53.4,53.5,1,0,1,0,38,22,174,82,92,-92,-71,71,21,-21
186,1099,True,2022,2022-12-04,DET,JAX,1,40,14,26,-26,1,-1,115.9,79.4,2,2,3,14,31,19,100,95,5,-5,166,-166,171,-171
187,1105,False,2022,2022-12-04,NYG,WAS,1,20,20,0,0,0,0,104.3,98.2,4,5,18,29,30,36,134,165,-31,31,-64,64,-95,95
188,1103,True,2022,2022-12-04,MIN,NYJ,1,27,22,5,-5,2,-2,82.2,58.5,2,1,14,3,29,24,128,120,8,-8,-207,207,-199,199
189,1115,False,2022,2022-12-04,MIA,SFO,0,17,33,-16,16,-3,3,65.2,86.4,3,4,20,36,8,34,33,121,-88,88,45,-45,-43,43
190,1113,False,2022,2022-12-04,DEN,BAL,0,9,10,-1,1,2,-2,102.3,64.6,2,4,5,16,28,28,88,103,-15,15,2,-2,-13,13
191,1107,False,2022,2022-12-04,TEN,PHI,0,10,35,-25,25,0,0,91.3,126.7,6,2,35,5,21,24,87,67,20,-20,-264,264,-244,244
192,1109,True,2022,2022-12-04,LVR,LAC,1,27,20,7,-7,-1,1,89.6,86.7,0,5,0,21,29,22,154,72,82,-82,-64,64,18,-18
193,1111,False,2022,2022-12-04,LAR,SEA,1,23,27,-4,4,0,0,43.4,114.0,4,4,30,19,33,22,171,90,81,-81,-200,200,-119,119
194,1089,False,2022,2022-12-05,NOR,TAM,0,16,17,-1,1,2,-2,109.8,83.4,2,1,18,7,25,20,66,76,-10,10,-42,42,-52,52
195,1087,False,2022,2022-12-08,LVR,LAR,0,16,17,-1,1,-1,1,36.9,89.1,0,4,0,19,38,22,165,71,94,-94,-74,74,20,-20
196,1085,True,2022,2022-12-11,SFO,TAM,1,35,7,28,-28,2,-2,128.0,63.7,0,0,0,0,36,19,209,69,140,-140,-58,58,82,-82
197,1083,True,2022,2022-12-11,CAR,SEA,0,30,24,6,-6,2,-2,85.4,83.2,2,3,15,23,46,14,223,46,177,-177,-136,136,41,-41
198,1081,False,2022,2022-12-11,MIA,LAC,0,17,23,-6,6,0,0,65.3,100.9,2,4,18,17,19,23,92,82,10,-10,-223,223,-213,213
199,1079,False,2022,2022-12-11,PIT,BAL,1,14,16,-2,2,-3,3,69.5,79.0,2,2,12,10,20,42,65,215,-150,150,170,-170,20,-20
200,1077,True,2022,2022-12-11,JAX,TEN,0,36,22,14,-14,4,-4,121.9,88.4,0,4,0,27,25,20,60,137,-77,77,141,-141,64,-64
201,1073,True,2022,2022-12-11,DET,MIN,1,34,23,11,-11,2,-2,120.7,121.4,0,4,0,31,30,17,134,22,112,-112,-64,64,48,-48
202,1071,False,2022,2022-12-11,DEN,KAN,1,28,34,-6,6,1,-1,89.5,85.6,6,2,49,10,19,23,106,89,17,-17,-128,128,-111,111
203,1069,True,2022,2022-12-11,DAL,HOU,1,27,23,4,-4,-1,1,70.9,93.6,1,0,7,0,31,37,127,114,13,-13,64,-64,77,-77
204,1067,True,2022,2022-12-11,CIN,CLE,1,23,10,13,-13,0,0,85.3,77.0,2,2,12,3,26,25,136,71,65,-65,-46,46,19,-19
205,1065,True,2022,2022-12-11,BUF,NYJ,1,20,12,8,-8,2,-2,86.5,72.4,3,4,17,36,24,22,102,76,26,-26,-103,103,-77,77
206,1075,False,2022,2022-12-11,NYG,PHI,1,22,48,-26,26,-1,1,110.9,104.8,7,4,35,33,24,31,123,253,-130,130,-3,3,-133,133
207,1063,False,2022,2022-12-12,ARI,NWE,1,13,27,-14,14,-1,1,74.7,74.1,6,1,45,10,22,21,113,103,10,-10,-15,15,-5,5
208,1061,False,2022,2022-12-15,SEA,SFO,1,13,21,-8,8,-1,1,90.9,116.0,3,1,31,6,14,34,70,170,-100,100,-4,4,-104,104
209,1055,True,2022,2022-12-17,BUF,MIA,1,32,29,3,-3,-1,1,119.2,101.7,2,2,8,17,29,25,150,188,-38,38,79,-79,41,-41
210,1057,True,2022,2022-12-17,CLE,BAL,1,13,3,10,-10,2,-2,91.5,52.9,3,3,21,12,33,28,143,198,-55,55,14,-14,-41,41
211,1059,False,2022,2022-12-17,IND,MIN,0,36,39,-3,3,2,-2,83.1,95.0,3,7,12,34,43,24,171,92,79,-79,-256,256,-177,177
212,1037,False,2022,2022-12-18,ARI,DEN,0,15,24,-9,9,-1,1,33.7,88.5,3,7,6,41,20,34,73,168,-95,95,11,-11,-84,84
213,1053,True,2022,2022-12-18,NYG,WAS,0,20,12,8,-8,2,-2,77.6,95.2,0,3,0,21,30,26,128,159,-31,31,-68,68,-99,99
214,1051,True,2022,2022-12-18,CIN,TAM,0,34,23,11,-11,3,-3,104.6,91.5,2,1,16,8,21,25,53,92,-39,39,-120,120,-159,159
215,1049,False,2022,2022-12-18,TEN,LAC,0,14,17,-3,3,1,-1,73.4,66.7,4,3,28,22,27,24,127,74,53,-53,-134,134,-81,81
216,1047,False,2022,2022-12-18,NWE,LVR,0,24,30,-6,6,0,0,52.1,84.4,0,3,0,20,32,23,206,97,109,-109,-99,99,10,-10
217,1045,True,2022,2022-12-18,DET,NYJ,0,20,17,3,-3,1,-1,88.9,86.3,0,4,0,30,28,22,107,50,57,-57,-35,35,22,-22
218,1043,False,2022,2022-12-18,ATL,NOR,0,18,21,-3,3,0,0,59.3,145.6,4,2,8,17,39,34,231,134,97,-97,-125,125,-28,28
219,1041,False,2022,2022-12-18,DAL,JAX,0,34,40,-6,6,1,-1,107.1,108.3,3,1,13,7,41,27,154,192,-38,38,-68,68,-106,106
220,1039,False,2022,2022-12-18,HOU,KAN,1,24,30,-6,6,1,-1,83.8,114.7,1,2,4,23,28,33,94,189,-95,95,-188,188,-283,283
221,1035,False,2022,2022-12-18,CHI,PHI,1,20,25,-5,5,2,-2,114.2,63.9,6,1,61,6,30,33,157,112,45,-45,-218,218,-173,173
222,1033,False,2022,2022-12-18,CAR,PIT,1,16,24,-8,8,0,0,108.1,98.5,4,1,37,10,16,45,21,156,-135,135,19,-19,-116,116
223,1031,True,2022,2022-12-19,GNB,LAR,1,24,12,12,-12,-1,1,92.2,62.4,3,5,22,27,35,17,138,72,66,-66,123,-123,189,-189
224,1029,True,2022,2022-12-22,JAX,NYJ,0,19,3,16,-16,1,-1,86.6,57.8,1,3,11,21,39,20,147,66,81,-81,57,-57,138,-138
225,1011,False,2022,2022-12-24,CLE,NOR,1,10,17,-7,7,0,0,47.1,44.3,2,0,10,0,34,39,124,152,-28,28,33,-33,5,-5
226,1013,True,2022,2022-12-24,DAL,PHI,1,40,34,6,-6,3,-3,124.3,84.9,6,0,43,0,31,29,115,87,28,-28,-51,51,-23,23
227,1009,True,2022,2022-12-24,BUF,CHI,0,35,13,22,-22,-1,1,71.3,71.9,1,2,0,15,31,29,254,80,174,-174,43,-43,217,-217
228,1015,True,2022,2022-12-24,KAN,SEA,1,24,10,14,-14,1,-1,106.8,72.9,1,2,4,15,22,31,77,133,-56,56,20,-20,-36,36
229,1007,True,2022,2022-12-24,CAR,DET,1,37,23,14,-14,1,-1,121.4,108.8,0,2,0,19,43,17,320,45,275,-275,-86,86,189,-189
230,1019,True,2022,2022-12-24,CIN,NWE,0,22,18,4,-4,-2,2,99.4,103.6,2,4,6,16,24,16,73,61,12,-12,145,-145,157,-157
231,1021,True,2022,2022-12-24,HOU,TEN,0,19,14,5,-5,2,-2,79.9,32.5,1,4,3,11,30,31,70,184,-114,114,127,-127,13,-13
232,1023,True,2022,2022-12-24,PIT,LVR,1,13,10,3,-3,2,-2,81.6,37.9,0,3,0,31,27,19,106,58,48,-48,101,-101,149,-149
233,1025,False,2022,2022-12-24,ATL,BAL,0,9,17,-8,8,-1,1,85.2,94.0,2,0,6,0,33,34,115,184,-69,69,97,-97,28,-28
234,1027,True,2022,2022-12-24,SFO,WAS,1,37,20,17,-17,1,-1,114.6,113.6,3,2,16,19,26,33,153,79,74,-74,-52,52,22,-22
235,1017,True,2022,2022-12-24,MIN,NYG,1,27,24,3,-3,2,-2,107.9,91.3,4,3,29,15,19,21,83,126,-43,43,-49,49,-92,92
236,1005,False,2022,2022-12-25,DEN,LAR,0,14,51,-37,37,-4,4,48.1,124.7,6,0,40,0,20,36,104,158,-54,54,-11,11,-65,65
237,1003,True,2022,2022-12-25,GNB,MIA,0,26,20,6,-6,3,-3,78.6,78.2,2,2,16,16,25,18,79,82,-3,3,-72,72,-75,75
238,1001,False,2022,2022-12-25,ARI,TAM,1,16,19,-3,3,-1,1,58.3,71.6,1,0,17,0,27,30,121,115,6,-6,-77,77,-71,71
239,999,False,2022,2022-12-26,IND,LAC,1,3,20,-17,17,-1,1,31.9,81.8,7,4,39,22,14,32,69,101,-32,32,-109,109,-141,141
240,997,True,2022,2022-12-29,DAL,TEN,0,27,13,14,-14,-1,1,85.6,66.2,1,2,8,12,32,24,87,97,-10,10,54,-54,44,-44
241,979,False,2022,2023-01-01,MIA,NWE,0,21,23,-2,2,-2,2,75.5,94.6,2,3,18,31,27,21,86,76,10,-10,74,-74,84,-84
242,971,False,2022,2023-01-01,CHI,DET,0,10,41,-31,31,-2,2,40.8,131.2,7,2,45,16,22,39,200,265,-65,65,-209,209,-274,274
243,973,True,2022,2023-01-01,GNB,MIN,1,41,17,24,-24,4,-4,92.8,66.8,1,2,16,18,33,20,163,102,61,-61,-92,92,-31,31
244,975,False,2022,2023-01-01,HOU,JAX,1,3,31,-28,28,1,-1,69.4,60.7,2,2,18,13,21,29,84,169,-85,85,25,-25,-60,60
245,977,False,2022,2023-01-01,DEN,KAN,0,24,27,-3,3,0,0,81.3,106.1,4,0,32,0,24,16,117,46,71,-71,-138,138,-67,67
246,981,False,2022,2023-01-01,IND,NYG,0,10,38,-28,28,0,0,73.2,125.2,2,0,17,0,27,37,128,217,-89,89,-53,53,-142,142
247,969,True,2022,2023-01-01,ATL,ARI,1,20,19,1,-1,-1,1,90.1,82.6,1,2,3,9,34,27,132,126,6,-6,-47,47,-41,41
248,985,False,2022,2023-01-01,LVR,SFO,1,34,37,-3,3,-1,1,108.1,95.4,0,0,0,0,32,27,135,170,-35,35,81,-81,46,-46
249,987,True,2022,2023-01-01,PIT,BAL,0,16,13,3,-3,1,-1,86.7,77.5,2,1,15,10,41,28,198,120,78,-78,33,-33,111,-111
250,989,False,2022,2023-01-01,LAR,LAC,0,10,31,-21,21,-1,1,79.3,120.2,3,0,21,0,26,31,166,192,-26,26,-128,128,-154,154
251,991,False,2022,2023-01-01,NYJ,SEA,0,6,23,-17,17,-3,3,47.4,98.1,4,4,36,35,17,38,75,198,-123,123,56,-56,-67,67
252,993,False,2022,2023-01-01,CAR,TAM,0,24,30,-6,6,-2,2,108.1,125.3,2,3,15,21,22,25,74,67,7,-7,-85,85,-78,78
253,995,True,2022,2023-01-01,CLE,WAS,0,24,10,14,-14,3,-3,122.5,28.6,5,3,14,19,30,37,146,136,10,-10,31,-31,41,-41
254,983,True,2022,2023-01-01,NOR,PHI,0,20,10,10,-10,0,0,89.1,78.4,7,6,45,28,35,15,129,67,62,-62,-62,62,0,0
255,967,True,2022,2023-01-07,KAN,LVR,0,31,13,18,-18,2,-2,105.0,71.5,2,6,21,39,28,25,168,99,69,-69,1,-1,70,-70
256,965,True,2022,2023-01-07,JAX,TEN,1,20,16,4,-4,1,-1,92.2,80.4,1,4,9,14,14,39,19,147,-128,128,38,-38,-90,90
257,937,True,2022,2023-01-08,ATL,TAM,1,30,17,13,-13,0,0,108.2,92.3,2,0,16,0,35,20,174,86,88,-88,72,-72,160,-160
258,939,True,2022,2023-01-08,BUF,NWE,1,35,23,12,-12,0,0,106.1,74.4,2,1,17,9,25,23,90,107,-17,17,3,-3,-14,14
259,941,False,2022,2023-01-08,CHI,MIN,1,13,29,-16,16,0,0,46.4,107.2,1,0,6,0,22,38,118,141,-23,23,-200,200,-223,223
260,943,True,2022,2023-01-08,CIN,BAL,1,27,16,11,-11,3,-3,81.0,45.3,2,4,13,10,20,27,55,110,-55,55,-74,74,-129,129
261,945,False,2022,2023-01-08,IND,HOU,1,31,32,-1,1,0,0,77.0,87.6,2,1,7,10,33,23,196,59,137,-137,-99,99,38,-38
262,947,True,2022,2023-01-08,DEN,LAC,1,31,28,3,-3,0,0,118.6,109.4,2,1,17,5,36,22,205,59,146,-146,-27,27,119,-119
263,951,True,2022,2023-01-08,MIA,NYJ,1,11,6,5,-5,0,0,76.3,66.4,1,0,12,0,32,20,162,38,124,-124,-9,9,115,-115
264,953,True,2022,2023-01-08,CAR,NOR,0,10,7,3,-3,-1,1,2.8,92.2,2,1,11,10,41,32,171,143,28,-28,-129,129,-101,101
265,955,False,2022,2023-01-08,NYG,PHI,0,16,22,-6,6,1,-1,75.8,62.4,2,3,13,22,21,34,129,135,-6,6,-52,52,-58,58
266,957,False,2022,2023-01-08,CLE,PIT,0,14,28,-14,14,-1,1,84.0,78.1,7,1,57,6,22,37,134,144,-10,10,-16,16,-26,26
267,959,False,2022,2023-01-08,LAR,SEA,0,16,19,-3,3,1,-1,51.3,64.6,5,3,24,8,28,36,146,197,-51,51,-82,82,-133,133
268,961,False,2022,2023-01-08,ARI,SFO,0,13,38,-25,25,-4,4,68.8,133.7,3,4,15,36,20,37,61,169,-108,108,52,-52,-56,56
269,963,False,2022,2023-01-08,DAL,WAS,0,6,26,-20,20,-1,1,44.6,80.6,1,3,10,11,27,41,64,151,-87,87,-40,40,-127,127
270,949,True,2022,2023-01-08,DET,GNB,0,20,16,4,-4,2,-2,85.9,80.5,1,2,5,17,25,28,104,103,1,-1,31,-31,32,-32
271,935,True,2023,2023-09-07,DET,KAN,0,21,20,1,-1,0,0,94.1,77.5,1,0,3,0,34,23,118,90,28,-28,24,-24,52,-52
272,907,True,2023,2023-09-10,ATL,CAR,1,24,10,14,-14,3,-3,111.8,46.7,4,2,24,19,26,32,130,154,-24,24,-36,36,-60,60
273,909,False,2023,2023-09-10,CHI,GNB,1,20,38,-18,18,-2,2,78.2,122.0,4,1,27,8,29,32,122,92,30,-30,-48,48,-18,18
274,911,False,2023,2023-09-10,CIN,CLE,0,3,24,-21,21,2,-2,51.0,65.9,2,3,15,10,20,40,75,206,-131,131,-77,77,-208,208
275,913,False,2023,2023-09-10,IND,JAX,1,21,31,-10,10,-1,1,75.1,103.3,4,2,8,4,26,35,65,105,-40,40,-22,22,-62,62
276,917,False,2023,2023-09-10,MIN,TAM,1,17,20,-3,3,-3,3,102.8,93.9,2,1,16,4,17,33,41,73,-32,32,159,-159,127,-127
277,919,True,2023,2023-09-10,NOR,TEN,1,16,15,1,-1,1,-1,96.1,26.7,4,3,23,17,27,22,69,104,-35,35,101,-101,66,-66
278,915,False,2023,2023-09-10,DEN,LVR,1,16,17,-1,1,1,-1,108.0,107.9,2,0,11,0,22,29,94,61,33,-33,-34,34,-1,1
279,923,True,2023,2023-09-10,DAL,NYG,0,40,0,40,-40,3,-3,69.2,34.0,0,7,0,47,30,28,122,108,14,-14,80,-80,94,-94
280,933,False,2023,2023-09-10,ARI,WAS,0,16,20,-4,4,1,-1,78.7,71.4,3,6,18,46,25,28,96,92,4,-4,-42,42,-38,38
281,931,True,2023,2023-09-10,LAR,SEA,0,30,13,17,-17,0,0,91.3,81.4,0,2,0,17,40,18,92,85,7,-7,239,-239,246,-246
282,921,False,2023,2023-09-10,NWE,PHI,1,20,25,-5,5,-1,1,91.3,87.2,2,3,10,16,22,25,76,97,-21,21,152,-152,131,-131
283,927,False,2023,2023-09-10,HOU,BAL,0,9,25,-16,16,1,-1,78.0,76.9,5,4,46,14,23,32,72,110,-38,38,41,-41,3,-3
284,929,True,2023,2023-09-10,MIA,LAC,0,36,34,2,-2,-2,2,110.0,95.5,0,3,0,29,20,40,70,233,-163,163,266,-266,103,-103
285,925,False,2023,2023-09-10,PIT,SFO,1,7,30,-23,23,-1,1,68.4,108.8,5,3,34,17,10,34,41,188,-147,147,-5,5,-152,152
286,905,False,2023,2023-09-11,BUF,NYJ,0,16,22,-6,6,-3,3,62.7,73.5,5,3,19,23,22,28,97,172,-75,75,100,-100,25,-25
287,903,False,2023,2023-09-14,MIN,PHI,0,28,34,-6,6,-3,3,125.6,94.0,2,4,18,22,9,48,28,259,-231,231,175,-175,-56,56
288,877,False,2023,2023-09-17,ARI,NYG,1,28,31,-3,3,1,-1,99.9,102.5,0,3,0,9,29,27,151,127,24,-24,-84,84,-60,60
289,879,True,2023,2023-09-17,DAL,NYJ,1,30,10,20,-20,4,-4,112.2,35.2,1,3,7,19,44,16,134,64,70,-70,97,-97,167,-167
290,883,False,2023,2023-09-17,DET,SEA,1,31,37,-6,6,-3,3,121.8,114.5,2,1,7,17,27,25,102,82,20,-20,5,-5,25,-25
291,885,True,2023,2023-09-17,IND,HOU,0,31,20,11,-11,1,-1,104.0,99.3,0,6,0,47,23,26,126,52,74,-74,-110,110,-36,36
292,887,False,2023,2023-09-17,JAX,KAN,1,9,17,-8,8,2,-2,69.0,97.4,4,1,18,7,18,22,74,101,-27,27,-101,101,-128,128
293,881,False,2023,2023-09-17,DEN,WAS,1,33,35,-2,2,-2,2,107.3,105.3,7,4,31,33,23,23,122,122,0,0,11,-11,11,-11
294,891,True,2023,2023-09-17,TEN,LAC,1,27,24,3,-3,0,0,123.3,101.8,5,3,46,24,34,21,141,61,80,-80,-81,81,-1,1
295,893,False,2023,2023-09-17,LAR,SFO,1,23,30,-7,7,-2,2,67.8,93.1,1,1,10,0,22,28,89,159,-70,70,91,-91,21,-21
296,895,False,2023,2023-09-17,CHI,TAM,0,17,27,-10,10,-2,2,61.1,114.5,6,0,42,0,16,34,67,120,-53,53,-148,148,-201,201
297,897,True,2023,2023-09-17,ATL,GNB,1,25,24,1,-1,-1,1,79.8,111.7,1,1,2,11,45,21,211,84,127,-127,95,-95,222,-222
298,899,True,2023,2023-09-17,BUF,LVR,1,38,10,28,-28,3,-3,124.5,68.9,2,0,7,0,35,15,183,55,128,-128,82,-82,210,-210
299,901,False,2023,2023-09-17,CIN,BAL,1,24,27,-3,3,-1,1,85.6,112.8,1,0,6,0,15,37,66,178,-112,112,-21,21,-133,133
300,889,True,2023,2023-09-17,MIA,NWE,0,24,17,7,-7,1,-1,92.2,81.4,1,4,5,31,30,25,145,88,57,-57,44,-44,101,-101
301,875,False,2023,2023-09-18,CLE,PIT,0,22,26,-4,4,-2,2,70.3,68.8,6,2,25,22,35,21,198,55,143,-143,10,-10,153,-153
302,873,False,2023,2023-09-18,CAR,NOR,1,17,20,-3,3,0,0,87.1,63.7,4,4,14,29,19,33,100,134,-34,34,-68,68,-102,102
303,871,False,2023,2023-09-21,NYG,SFO,0,12,30,-18,18,-1,1,62.3,110.2,2,2,16,10,11,39,29,141,-112,112,-179,179,-291,291
304,853,True,2023,2023-09-24,HOU,JAX,0,37,17,20,-20,2,-2,118.7,86.2,0,0,0,0,26,27,86,116,-30,30,-8,8,-38,38
305,845,True,2023,2023-09-24,CLE,TEN,1,27,3,24,-24,-1,1,123.4,57.9,3,5,26,36,31,15,78,26,52,-52,195,-195,247,-247
306,847,True,2023,2023-09-24,ARI,DAL,1,28,16,12,-12,1,-1,120.0,76.1,2,2,11,18,30,33,222,185,37,-37,-53,53,-16,16
307,849,False,2023,2023-09-24,ATL,DET,0,6,20,-14,14,0,0,70.2,85.8,7,0,62,0,20,31,44,115,-71,71,-104,104,-175,175
308,851,True,2023,2023-09-24,GNB,NOR,1,18,17,1,-1,-1,1,66.4,89.7,1,4,14,29,26,22,95,77,18,-18,70,-70,88,-88
309,855,False,2023,2023-09-24,CHI,KAN,0,10,41,-31,31,0,0,58.7,98.9,3,0,12,0,26,37,116,153,-37,37,-216,216,-253,253
310,865,True,2023,2023-09-24,IND,BAL,0,22,19,3,-3,2,-2,82.3,85.1,5,4,39,24,35,37,139,186,-47,47,10,-10,-37,37
311,859,False,2023,2023-09-24,MIN,LAC,1,24,28,-4,4,-1,1,97.7,133.1,4,1,22,9,24,15,130,30,100,-100,-100,100,0,0
312,861,True,2023,2023-09-24,NWE,NYJ,0,15,10,5,-5,0,0,85.6,59.1,0,3,0,24,40,22,157,38,119,-119,68,-68,187,-187
313,863,True,2023,2023-09-24,PIT,LVR,0,23,18,5,-5,3,-3,108.5,69.6,1,4,7,31,31,19,105,69,36,-36,-65,65,-29,29
314,869,True,2023,2023-09-24,BUF,WAS,0,37,3,34,-34,4,-4,79.9,35.1,0,9,0,45,33,13,168,105,63,-63,93,-93,156,-156
315,857,False,2023,2023-09-24,DEN,MIA,0,20,70,-50,50,-3,3,83.9,158.3,1,0,12,0,20,43,69,350,-281,281,-82,82,-363,363
316,867,False,2023,2023-09-24,CAR,SEA,0,27,37,-10,10,1,-1,88.4,85.3,3,2,27,17,14,33,44,146,-102,102,55,-55,-47,47
317,843,True,2023,2023-09-25,PHI,TAM,0,25,11,14,-14,0,0,71.6,70.9,1,2,6,13,40,17,201,41,160,-160,138,-138,298,-298
318,841,True,2023,2023-09-25,CIN,LAR,1,19,16,3,-3,1,-1,59.8,60.3,2,6,17,48,23,13,67,71,-4,4,21,-21,17,-17
319,839,True,2023,2023-09-28,DET,GNB,0,34,20,14,-14,1,-1,86.9,64.9,2,5,20,43,43,12,211,27,184,-184,-13,13,171,-171
320,821,True,2023,2023-10-01,DAL,NWE,1,38,3,35,-35,3,-3,108.4,46.5,3,2,28,7,30,23,124,53,71,-71,53,-53,124,-124
321,811,True,2023,2023-10-01,BUF,MIA,1,48,20,28,-28,2,-2,158.3,89.1,2,4,10,31,29,19,104,142,-38,38,59,-59,21,-21
322,813,False,2023,2023-10-01,CAR,MIN,1,13,21,-8,8,1,-1,93.2,78.7,5,2,55,9,31,23,83,135,-52,52,19,-19,-33,33
323,815,False,2023,2023-10-01,CHI,DEN,1,28,31,-3,3,-2,2,132.7,132.1,4,1,35,9,31,19,171,97,74,-74,86,-86,160,-160
324,817,False,2023,2023-10-01,CLE,BAL,1,3,28,-25,25,-2,2,25.3,137.9,4,3,48,21,25,33,93,131,-38,38,-92,92,-130,130
325,819,False,2023,2023-10-01,IND,LAR,1,23,29,-6,6,0,0,98.7,87.8,2,2,4,16,31,36,133,164,-31,31,-107,107,-138,138
326,825,False,2023,2023-10-01,ATL,JAX,0,7,23,-16,16,-3,3,62.7,104.2,4,2,31,12,22,32,127,105,22,-22,-35,35,-13,13
327,827,False,2023,2023-10-01,NOR,TAM,1,9,26,-17,17,-2,2,57.6,113.1,3,1,13,7,19,33,70,114,-44,44,-112,112,-156,156
328,823,True,2023,2023-10-01,HOU,PIT,1,30,6,24,-24,1,-1,122.0,57.3,0,3,0,21,38,25,139,114,25,-25,201,-201,226,-226
329,837,False,2023,2023-10-01,ARI,SFO,0,16,35,-19,19,0,0,102.2,134.6,1,1,8,12,25,31,105,124,-19,19,-14,14,-33,33
330,835,False,2023,2023-10-01,LVR,LAC,0,17,24,-7,7,-2,2,68.1,69.8,7,2,50,17,23,37,76,155,-79,79,38,-38,-41,41
331,829,True,2023,2023-10-01,KAN,NYJ,0,23,20,3,-3,-1,1,63.6,103.4,1,2,6,17,35,16,204,108,96,-96,-31,31,65,-65
332,831,False,2023,2023-10-01,CIN,TEN,0,3,27,-24,24,0,0,80.6,109.0,3,3,26,15,18,33,72,173,-101,101,-88,88,-189,189
333,833,True,2023,2023-10-01,PHI,WAS,1,34,31,3,-3,0,0,112.3,95.4,3,5,8,32,27,28,104,107,-3,3,53,-53,50,-50
334,809,False,2023,2023-10-02,NYG,SEA,1,3,24,-21,21,-3,3,67.0,88.6,11,2,67,13,29,23,112,121,-9,9,-24,24,-33,33
335,807,True,2023,2023-10-05,CHI,WAS,0,40,20,20,-20,2,-2,125.3,96.8,3,5,9,29,32,10,178,29,149,-149,-86,86,63,-63
336,805,False,2023,2023-10-08,DAL,SFO,0,10,42,-32,32,-3,3,52.4,143.5,4,1,21,2,19,41,57,170,-113,113,-111,111,-224,224
337,803,True,2023,2023-10-08,PHI,LAR,0,23,14,9,-9,-1,1,87.9,89.4,1,4,8,27,39,14,159,54,105,-105,100,-100,205,-205
338,801,True,2023,2023-10-08,PIT,BAL,1,17,10,7,-7,2,-2,88.5,62.4,3,4,22,26,30,25,87,125,-38,38,-8,8,-46,46
339,799,True,2023,2023-10-08,NOR,NWE,0,34,0,34,-34,3,-3,114.7,30.4,2,2,15,21,42,18,136,45,91,-91,57,-57,148,-148
340,797,True,2023,2023-10-08,KAN,MIN,0,27,20,7,-7,1,-1,109.9,90.6,2,3,15,25,21,18,67,70,-3,3,7,-7,4,-4
341,795,True,2023,2023-10-08,MIA,NYG,1,31,16,15,-15,-3,3,100.4,85.8,1,7,6,22,23,29,222,85,137,-137,119,-119,256,-256
342,793,False,2023,2023-10-08,CAR,DET,0,24,42,-18,18,-3,3,82.1,129.8,1,2,4,18,23,30,99,159,-60,60,25,-25,-35,35
343,791,False,2023,2023-10-08,DEN,NYJ,1,21,31,-10,10,-1,1,103.7,74.7,4,4,27,26,22,32,139,234,-95,95,-4,4,-99,99
344,789,True,2023,2023-10-08,CIN,ARI,0,34,20,14,-14,2,-2,108.1,55.7,3,3,30,14,30,22,93,142,-49,49,135,-135,86,-86
345,787,True,2023,2023-10-08,IND,TEN,1,23,16,7,-7,1,-1,106.7,75.8,1,1,17,5,34,22,193,89,104,-104,-23,23,81,-81
346,785,False,2023,2023-10-08,BUF,JAX,1,20,25,-5,5,0,0,102.0,98.7,0,5,0,37,14,40,29,196,-167,167,81,-81,-86,86
347,783,True,2023,2023-10-08,ATL,HOU,1,21,19,2,-2,-2,2,112.9,88.9,0,0,0,0,36,23,96,64,32,-32,102,-102,134,-134
348,781,False,2023,2023-10-09,GNB,LVR,0,13,17,-4,4,-2,2,32.2,83.1,2,4,7,25,25,29,110,96,14,-14,-8,8,6,-6
349,779,False,2023,2023-10-12,DEN,KAN,0,8,19,-11,11,-2,2,46.6,90.8,4,2,13,13,23,27,115,96,19,-19,-211,211,-192,192
350,777,True,2023,2023-10-15,DET,TAM,0,20,6,14,-14,1,-1,107.5,56.7,3,1,13,1,22,16,40,46,-6,6,135,-135,129,-129
351,753,False,2023,2023-10-15,ATL,WAS,1,16,24,-8,8,-3,3,66.5,114.3,3,5,11,30,29,22,106,72,34,-34,175,-175,209,-209
352,755,True,2023,2023-10-15,BUF,NYG,1,14,9,5,-5,-2,2,86.7,79.1,0,3,0,15,29,34,128,132,-4,4,-16,16,-20,20
353,757,False,2023,2023-10-15,CHI,MIN,1,13,19,-6,6,-2,2,47.4,92.7,5,2,28,7,36,22,162,46,116,-116,-61,61,55,-55
354,761,True,2023,2023-10-15,CLE,SFO,1,19,17,2,-2,-1,1,45.2,52.5,2,3,18,18,34,25,160,108,52,-52,67,-67,119,-119
355,763,True,2023,2023-10-15,HOU,NOR,1,20,13,7,-7,1,-1,82.2,82.2,2,2,22,16,31,25,120,89,31,-31,-164,164,-133,133
356,759,True,2023,2023-10-15,CIN,SEA,1,17,13,4,-4,1,-1,88.4,66.8,3,4,17,29,15,25,46,87,-41,41,-129,129,-170,170
357,767,False,2023,2023-10-15,CAR,MIA,0,21,42,-21,21,1,-1,85.8,109.1,4,0,36,0,25,33,108,162,-54,54,-74,74,-128,128
358,769,True,2023,2023-10-15,NYJ,PHI,1,20,14,6,-6,4,-4,73.5,58.4,5,2,31,12,21,22,89,80,9,-9,-113,113,-104,104
359,771,False,2023,2023-10-15,TEN,BAL,1,16,24,-8,8,-1,1,59.6,88.3,6,1,46,2,19,39,129,139,-10,10,-117,117,-127,127
360,773,False,2023,2023-10-15,NWE,LVR,0,17,21,-4,4,0,0,75.3,85.9,4,0,24,0,19,33,83,84,-1,1,-88,88,-89,89
361,765,False,2023,2023-10-15,IND,JAX,0,20,37,-17,17,-3,3,60.3,86.5,3,3,19,33,17,29,44,85,-41,41,162,-162,121,-121
362,775,False,2023,2023-10-15,ARI,LAR,0,9,26,-17,17,-1,1,58.5,103.3,2,3,20,23,30,28,130,179,-49,49,12,-12,-37,37
363,751,True,2023,2023-10-16,DAL,LAC,0,20,17,3,-3,0,0,109.3,83.1,5,1,26,8,26,23,96,53,43,-43,27,-27,70,-70
364,749,True,2023,2023-10-19,JAX,NOR,0,31,24,7,-7,-1,1,101.7,72.9,0,1,0,6,26,31,113,112,1,-1,-78,78,-77,77
365,741,True,2023,2023-10-22,PIT,LAR,0,24,17,7,-7,1,-1,97.1,70.9,2,2,16,12,29,31,86,135,-49,49,-5,5,-54,54
366,747,True,2023,2023-10-22,ATL,TAM,0,16,13,3,-3,-1,1,107.1,79.1,1,3,5,19,38,20,156,73,83,-83,-11,11,72,-72
367,745,False,2023,2023-10-22,ARI,SEA,0,10,20,-10,10,3,-3,69.5,110.2,4,2,28,16,25,32,127,115,12,-12,-81,81,-69,69
368,743,False,2023,2023-10-22,DET,BAL,0,6,38,-32,32,0,0,68.4,152.4,5,0,31,0,14,27,84,146,-62,62,-104,104,-166,166
369,739,False,2023,2023-10-22,MIA,PHI,0,17,31,-14,14,1,-1,87.5,106.4,4,3,17,23,12,34,45,99,-54,54,-57,57,-111,111
370,735,False,2023,2023-10-22,BUF,NWE,0,25,29,-4,4,-1,1,90.0,126.1,1,1,7,4,24,24,81,96,-15,15,-10,10,-25,25
371,727,True,2023,2023-10-22,CHI,LVR,1,30,12,18,-18,3,-3,97.2,49.9,2,1,12,8,38,14,173,39,134,-134,-46,46,88,-88
372,729,True,2023,2023-10-22,CLE,IND,0,39,38,1,-1,2,-2,36.2,119.4,2,4,17,17,33,40,150,168,-18,18,-122,122,-140,140
373,737,True,2023,2023-10-22,NYG,WAS,1,14,7,7,-7,-1,1,116.9,55.4,4,6,29,52,32,19,106,76,30,-30,53,-53,83,-83
374,733,True,2023,2023-10-22,KAN,LAC,1,31,17,14,-14,0,0,129.5,63.1,1,5,9,40,21,26,68,139,-71,71,196,-196,125,-125
375,731,True,2023,2023-10-22,DEN,GNB,1,19,17,2,-2,1,-1,98.9,92.4,1,0,0,0,25,29,145,137,8,-8,0,0,8,-8
376,725,True,2023,2023-10-23,MIN,SFO,1,22,17,5,-5,2,-2,107.2,79.9,0,1,0,12,21,22,74,65,9,-9,118,-118,127,-127
377,723,True,2023,2023-10-26,BUF,TAM,1,24,18,6,-6,-1,1,106.7,89.8,2,3,12,13,26,17,115,78,37,-37,88,-88,125,-125
378,697,False,2023,2023-10-29,IND,NOR,1,27,38,-11,11,0,0,76.6,132.8,2,1,6,4,24,36,164,161,3,-3,-143,143,-140,140
379,699,False,2023,2023-10-29,ARI,BAL,1,24,31,-7,7,-2,2,77.3,91.3,2,4,27,19,32,29,129,130,-1,1,43,-43,42,-42
380,701,True,2023,2023-10-29,DAL,LAR,1,43,20,23,-23,0,0,131.3,70.8,3,2,22,16,26,24,102,92,10,-10,97,-97,107,-107
381,703,True,2023,2023-10-29,DEN,KAN,1,24,9,15,-15,4,-4,119.3,56.0,6,3,27,28,40,16,153,62,91,-91,-125,125,-34,34
382,705,False,2023,2023-10-29,GNB,MIN,1,10,24,-14,14,0,0,72.1,116.8,4,3,33,13,17,31,74,62,12,-12,-88,88,-76,76
383,707,True,2023,2023-10-29,MIA,NWE,1,31,17,14,-14,-1,1,100.6,85.6,2,3,12,20,26,19,78,77,1,-1,171,-171,172,-172
384,711,False,2023,2023-10-29,ATL,TEN,0,23,28,-5,5,0,0,91.1,128.7,6,2,44,12,26,36,140,149,-9,9,-24,24,-33,33
385,713,True,2023,2023-10-29,JAX,PIT,0,20,10,10,-10,-1,1,100.0,57.4,3,3,21,20,30,18,106,70,36,-36,80,-80,116,-116
386,695,True,2023,2023-10-29,CAR,HOU,1,15,13,2,-2,1,-1,103.6,78.3,6,2,55,21,24,30,44,110,-66,66,61,-61,-5,5
387,717,False,2023,2023-10-29,CLE,SEA,0,20,24,-4,4,-1,1,61.6,77.3,3,1,27,6,40,17,155,114,41,-41,-18,18,23,-23
388,719,True,2023,2023-10-29,CIN,SFO,0,31,17,14,-14,2,-2,134.8,91.7,3,2,17,18,27,23,134,113,21,-21,-81,81,-60,60
389,721,True,2023,2023-10-29,PHI,WAS,0,38,31,7,-7,-1,1,135.7,113.3,2,1,4,9,22,16,59,84,-25,25,-73,73,-98,98
390,709,False,2023,2023-10-29,NYG,NYJ,1,10,13,-3,3,2,-2,50.3,73.0,4,4,16,47,52,22,203,58,145,-145,-202,202,-57,57
391,715,False,2023,2023-10-29,CHI,LAC,0,13,30,-17,17,-1,1,62.0,122.7,1,0,10,0,25,25,73,54,19,-19,-76,76,-57,57
392,693,True,2023,2023-10-30,DET,LVR,1,26,14,12,-12,-2,2,89.0,37.2,1,6,8,49,43,18,222,80,142,-142,187,-187,329,-329
393,691,False,2023,2023-11-02,TEN,PIT,0,16,20,-4,4,-1,1,66.4,88.2,4,0,27,0,25,30,105,166,-61,61,75,-75,14,-14
394,689,True,2023,2023-11-05,BAL,SEA,1,37,3,34,-34,0,0,105.2,44.2,1,4,8,34,41,15,298,28,270,-270,94,-94,364,-364
395,667,False,2023,2023-11-05,ATL,MIN,1,28,31,-3,3,0,0,75.3,103.6,1,4,8,19,28,33,110,146,-36,36,43,-43,7,-7
396,669,False,2023,2023-11-05,CAR,IND,1,13,27,-14,14,-2,2,48.3,88.6,4,1,36,7,28,30,138,78,60,-60,17,-17,77,-77
397,673,True,2023,2023-11-05,CLE,ARI,1,27,0,27,-27,3,-3,107.5,20.8,1,7,6,41,40,21,113,41,72,-72,196,-196,268,-268
398,675,True,2023,2023-11-05,GNB,LAR,1,20,3,17,-17,0,0,115.5,43.6,4,1,21,11,38,26,184,68,116,-116,88,-88,204,-204
399,671,False,2023,2023-11-05,BUF,CIN,0,18,24,-6,6,-2,2,85.2,108.4,1,1,9,5,16,22,68,54,14,-14,-94,94,-80,80
400,679,True,2023,2023-11-05,KAN,MIA,1,21,14,7,-7,0,0,105.6,84.8,2,3,11,18,24,21,93,117,-24,24,-1,1,-25,25
401,681,False,2023,2023-11-05,CHI,NOR,0,17,24,-7,7,-5,5,65.3,118.0,2,0,8,0,32,27,156,87,69,-69,-2,2,67,-67
402,683,False,2023,2023-11-05,NWE,WAS,1,17,20,-3,3,1,-1,66.5,82.5,0,3,0,17,19,29,107,124,-17,17,-88,88,-105,105
403,685,False,2023,2023-11-05,DAL,PHI,0,23,28,-5,5,-1,1,115.2,125.8,5,3,41,24,21,33,73,109,-36,36,150,-150,114,-114
404,687,False,2023,2023-11-05,NYG,LVR,0,6,30,-24,24,-2,2,68.2,90.2,8,0,46,0,25,34,123,125,-2,2,-55,55,-57,57
405,677,True,2023,2023-11-05,HOU,TAM,1,39,37,2,-2,0,0,147.8,117.5,3,2,27,14,17,31,53,81,-28,28,192,-192,164,-164
406,665,False,2023,2023-11-06,NYJ,LAC,1,6,27,-21,21,-3,3,80.6,61.4,8,5,57,29,20,21,64,84,-20,20,99,-99,79,-79
407,663,False,2023,2023-11-09,CAR,CHI,0,13,16,-3,3,0,0,68.4,73.0,3,0,15,0,16,37,43,133,-90,90,8,-8,-82,82
408,645,False,2023,2023-11-12,JAX,SFO,1,3,34,-31,31,-4,4,47.7,140.9,5,2,28,9,17,30,59,144,-85,85,-131,131,-216,216
409,639,False,2023,2023-11-12,CIN,HOU,1,27,30,-3,3,1,-1,90.3,87.1,4,1,33,0,16,34,66,188,-122,122,-42,42,-164,164
410,641,False,2023,2023-11-12,ATL,ARI,0,23,25,-2,2,1,-1,84.2,68.5,3,2,24,19,41,26,184,122,62,-62,-160,160,-98,98
411,643,True,2023,2023-11-12,DAL,NYG,1,49,17,32,-32,-1,1,120.6,67.1,0,5,0,25,33,23,168,111,57,-57,411,-411,468,-468
412,647,True,2023,2023-11-12,MIN,NOR,1,27,19,8,-8,2,-2,101.1,69.4,1,3,5,17,33,15,125,65,60,-60,48,-48,108,-108
413,651,False,2023,2023-11-12,GNB,PIT,0,19,23,-4,4,-2,2,71.8,74.4,1,1,6,7,24,36,116,205,-89,89,164,-164,75,-75
414,661,False,2023,2023-11-12,TEN,TAM,0,6,20,-14,14,0,0,53.3,100.2,4,3,32,15,16,29,42,77,-35,35,-96,96,-131,131
415,653,False,2023,2023-11-12,NYJ,LVR,0,12,16,-4,4,1,-1,67.0,67.8,2,3,6,27,21,32,108,148,-40,40,131,-131,91,-91
416,655,True,2023,2023-11-12,CLE,BAL,0,33,31,2,-2,0,0,72.7,63.7,4,3,18,23,36,24,178,106,72,-72,-5,5,67,-67
417,657,True,2023,2023-11-12,DET,LAC,0,41,38,3,-3,1,-1,122.4,114.9,0,0,0,0,31,28,200,98,102,-102,10,-10,112,-112
418,659,True,2023,2023-11-12,SEA,WAS,1,29,26,3,-3,1,-1,103.9,107.0,1,3,0,24,26,14,120,68,52,-52,81,-81,133,-133
419,649,True,2023,2023-11-12,IND,NWE,0,10,6,4,-4,1,-1,69.6,53.5,0,5,0,22,26,36,70,167,-97,97,21,-21,-76,76
420,637,False,2023,2023-11-13,BUF,DEN,1,22,24,-2,2,-3,3,59.3,115.2,0,4,0,15,26,38,192,122,70,-70,-1,1,69,-69
421,635,False,2023,2023-11-16,CIN,BAL,0,20,34,-14,14,0,0,97.4,118.7,5,3,33,16,23,31,136,157,-21,21,-112,112,-133,133
422,613,False,2023,2023-11-19,CAR,DAL,1,10,33,-23,23,-2,2,62.9,94.0,7,0,46,0,23,27,110,107,3,-3,-127,127,-124,124
423,615,True,2023,2023-11-19,CLE,PIT,1,13,10,3,-3,-1,1,54.9,59.2,1,3,2,29,29,26,96,172,-76,76,86,-86,10,-10
424,617,True,2023,2023-11-19,DEN,MIN,1,21,20,1,-1,3,-3,106.7,78.9,2,2,10,11,15,36,46,175,-129,129,39,-39,-90,90
425,619,False,2023,2023-11-19,CHI,DET,0,26,31,-5,5,3,-3,105.2,66.7,2,2,18,13,46,22,183,115,68,-68,-72,72,-4,4
426,621,True,2023,2023-11-19,GNB,LAC,1,23,20,3,-3,1,-1,108.5,97.5,3,2,27,16,28,24,102,150,-48,48,51,-51,3,-3
427,627,True,2023,2023-11-19,MIA,LVR,1,20,13,7,-7,0,0,103.0,54.9,1,2,2,11,28,16,99,36,63,-63,63,-63,126,-126
428,625,True,2023,2023-11-19,JAX,TEN,1,34,14,20,-20,2,-2,119.5,140.1,1,2,1,15,36,19,128,92,36,-36,118,-118,154,-154
429,611,True,2023,2023-11-19,BUF,NYJ,1,32,6,26,-26,3,-3,108.2,39.9,1,6,12,40,38,18,130,63,67,-67,171,-171,238,-238
430,631,True,2023,2023-11-19,SFO,TAM,1,27,14,13,-13,2,-2,158.3,74.4,4,4,28,25,30,18,115,66,49,-49,84,-84,133,-133
431,633,True,2023,2023-11-19,NYG,WAS,0,31,19,12,-12,6,-6,137.7,60.4,9,4,45,26,19,28,91,174,-83,83,-29,29,-112,112
432,623,False,2023,2023-11-19,ARI,HOU,0,16,21,-5,5,1,-1,84.6,81.9,3,4,18,30,25,25,123,111,12,-12,-112,112,-100,100
433,629,True,2023,2023-11-19,LAR,SEA,1,17,16,1,-1,0,0,70.6,73.2,1,2,5,13,27,21,82,68,14,-14,-38,38,-24,24
434,609,False,2023,2023-11-20,KAN,PHI,1,17,21,-4,4,-1,1,71.6,59.7,1,5,9,26,30,27,168,114,54,-54,44,-44,98,-98
435,603,True,2023,2023-11-23,DAL,WAS,1,45,10,35,-35,1,-1,142.1,71.0,0,4,0,32,18,27,100,108,-8,8,63,-63,55,-55
436,607,False,2023,2023-11-23,SEA,SFO,1,13,31,-18,18,-1,1,70.0,83.8,6,1,48,1,21,33,88,169,-81,81,-76,76,-157,157
437,605,False,2023,2023-11-23,DET,GNB,1,22,29,-7,7,-3,3,103.6,125.5,3,0,8,0,31,22,140,109,31,-31,56,-56,87,-87
438,601,True,2023,2023-11-24,MIA,NYJ,0,34,13,21,-21,-1,1,77.5,62.4,2,7,15,49,37,10,167,29,138,-138,98,-98,236,-236
439,599,True,2023,2023-11-26,BAL,LAC,0,20,10,10,-10,4,-4,82.4,73.4,2,3,13,24,35,19,197,86,111,-111,-29,29,82,-82
440,597,True,2023,2023-11-26,KAN,LVR,0,31,17,14,-14,0,0,122.8,97.1,1,1,7,13,23,23,69,123,-54,54,56,-56,2,-2
441,595,False,2023,2023-11-26,BUF,PHI,0,34,37,-3,3,1,-1,82.1,95.2,1,2,7,7,40,32,173,185,-12,12,139,-139,127,-127
442,593,False,2023,2023-11-26,CAR,TEN,0,10,17,-7,7,-1,1,76.5,83.0,4,1,32,1,32,24,96,80,16,-16,-22,22,-6,6
443,591,False,2023,2023-11-26,NWE,NYG,0,7,10,-3,3,-2,2,33.4,99.1,2,6,7,29,31,19,147,58,89,-89,-26,26,63,-63
444,589,False,2023,2023-11-26,HOU,JAX,1,21,24,-3,3,1,-1,116.0,90.2,4,0,43,0,18,30,91,81,10,-10,-103,103,-93,93
445,587,False,2023,2023-11-26,CLE,DEN,0,12,29,-17,17,-2,2,68.6,90.2,4,1,28,9,24,39,107,169,-62,62,37,-37,-25,25
446,585,False,2023,2023-11-26,ARI,LAR,1,14,37,-23,23,1,-1,83.2,121.1,4,0,37,0,15,33,73,228,-155,155,-10,10,-165,165
447,583,True,2023,2023-11-26,IND,TAM,1,27,20,7,-7,1,-1,66.2,87.2,2,6,12,26,27,19,155,125,30,-30,66,-66,96,-96
448,581,False,2023,2023-11-26,CIN,PIT,1,10,16,-6,6,0,0,96.2,96.5,4,2,30,10,11,33,25,153,-128,128,-71,71,-199,199
449,579,True,2023,2023-11-26,ATL,NOR,1,24,15,9,-9,0,0,63.3,76.2,0,1,0,8,41,28,228,148,80,-80,-128,128,-48,48
450,577,True,2023,2023-11-27,CHI,MIN,0,12,10,2,-2,2,-2,87.3,52.2,3,2,18,16,28,17,118,73,45,-45,30,-30,75,-75
451,575,True,2023,2023-11-30,DAL,SEA,1,41,35,6,-6,1,-1,115.8,97.0,4,1,24,0,34,22,136,72,64,-64,-59,59,5,-5
452,555,False,2023,2023-12-03,DEN,HOU,0,17,22,-5,5,-3,3,53.2,103.9,3,5,22,28,30,30,118,89,29,-29,-100,100,-71,71
453,559,False,2023,2023-12-03,NWE,LAC,1,0,6,-6,6,-1,1,68.9,75.5,5,0,32,0,32,24,148,29,119,-119,-103,103,16,-16
454,553,True,2023,2023-12-03,GNB,KAN,1,27,19,8,-8,1,-1,118.6,76.5,2,3,14,21,25,25,129,148,-19,19,64,-64,45,-45
455,561,True,2023,2023-12-03,ATL,NYJ,0,13,8,5,-5,3,-3,70.1,54.4,3,4,17,17,34,25,90,62,28,-28,-93,93,-65,65
456,557,True,2023,2023-12-03,DET,NOR,0,33,28,5,-5,2,-2,117.6,89.6,1,2,8,18,30,36,142,113,29,-29,-44,44,-15,15
457,565,False,2023,2023-12-03,PHI,SFO,1,19,42,-23,23,0,0,84.9,148.1,3,2,27,4,18,28,46,146,-100,100,-23,23,-123,123
458,567,True,2023,2023-12-03,ARI,PIT,0,24,10,14,-14,1,-1,89.9,98.8,2,0,13,0,38,31,150,130,20,-20,-55,55,-35,35
459,573,True,2023,2023-12-03,MIA,WAS,0,45,15,30,-30,1,-1,139.2,46.8,0,3,0,20,34,28,123,138,-15,15,176,-176,161,-161
460,569,False,2023,2023-12-03,CLE,LAR,0,19,36,-17,17,-1,1,75.4,110.1,2,0,14,0,23,25,87,120,-33,33,-39,39,-72,72
461,571,False,2023,2023-12-03,CAR,TAM,0,18,21,-3,3,0,0,52.9,67.3,4,1,29,8,34,28,133,128,5,-5,-45,45,-40,40
462,563,True,2023,2023-12-03,IND,TEN,0,31,28,3,-3,0,0,100.5,78.3,3,6,12,20,23,42,55,177,-122,122,96,-96,-26,26
463,551,True,2023,2023-12-04,CIN,JAX,0,34,31,3,-3,-1,1,101.6,116.3,2,4,12,16,31,25,156,71,85,-85,30,-30,115,-115
464,549,True,2023,2023-12-07,NWE,PIT,0,21,18,3,-3,0,0,115.2,71.8,2,2,18,8,25,28,81,82,-1,1,40,-40,39,-39
465,525,False,2023,2023-12-10,ATL,TAM,1,25,29,-4,4,-1,1,90.3,85.7,3,1,9,2,26,37,96,148,-52,52,196,-196,144,-144
466,527,True,2023,2023-12-10,CHI,DET,1,28,13,15,-15,3,-3,88.3,50.5,3,4,29,34,30,24,142,140,2,-2,67,-67,69,-69
467,529,True,2023,2023-12-10,CIN,IND,1,34,14,20,-20,1,-1,121.1,79.6,0,3,0,14,32,18,111,46,65,-65,48,-48,113,-113
468,531,True,2023,2023-12-10,CLE,JAX,1,31,27,4,-4,1,-1,92.0,63.3,1,4,4,22,28,20,82,58,24,-24,72,-72,96,-96
469,533,True,2023,2023-12-10,DAL,PHI,1,33,13,20,-20,2,-2,99.4,91.1,3,1,15,7,32,23,138,106,32,-32,38,-38,70,-70
470,539,False,2023,2023-12-10,HOU,NYJ,0,6,30,-24,24,1,-1,49.0,114.1,5,4,41,33,19,26,81,79,2,-2,-214,214,-212,212
471,537,False,2023,2023-12-10,CAR,NOR,0,6,28,-22,22,-1,1,48.0,87.0,4,1,38,9,39,25,204,97,107,-107,-11,11,96,-96
472,541,True,2023,2023-12-10,MIN,LVR,0,3,0,3,-3,3,-3,63.0,62.8,5,4,47,25,30,17,132,56,76,-76,-47,47,29,-29
473,543,False,2023,2023-12-10,LAR,BAL,0,31,37,-6,6,1,-1,103.1,92.2,2,2,12,6,30,26,128,139,-11,11,-28,28,-39,39
474,545,True,2023,2023-12-10,DEN,LAC,0,24,7,17,-17,1,-1,91.0,56.3,2,6,8,68,31,19,106,76,30,-30,9,-9,39,-39
475,547,False,2023,2023-12-10,SEA,SFO,0,16,28,-12,12,0,0,92.0,122.1,4,3,15,14,20,23,70,173,-103,103,-100,100,-203,203
476,535,True,2023,2023-12-10,BUF,KAN,0,20,17,3,-3,1,-1,68.8,74.2,3,1,24,7,28,18,118,82,36,-36,-55,55,-19,19
477,523,False,2023,2023-12-11,GNB,NYG,0,22,24,-2,2,-1,1,76.7,113.9,2,0,15,0,25,34,123,209,-86,86,45,-45,-41,41
478,521,False,2023,2023-12-11,MIA,TEN,1,27,28,-1,1,2,-2,90.5,85.4,5,1,32,7,31,29,158,83,75,-75,-112,112,-37,37
479,519,True,2023,2023-12-14,LVR,LAC,1,63,21,42,-42,5,-5,122.7,110.7,1,3,6,23,26,28,124,92,32,-32,20,-20,52,-52
480,513,True,2023,2023-12-16,CIN,MIN,1,27,24,3,-3,1,-1,97.7,95.3,5,3,26,22,22,30,80,143,-63,63,17,-17,-46,46
481,517,False,2023,2023-12-16,DEN,DET,0,17,42,-25,25,-1,1,88.4,132.7,2,2,19,15,28,28,83,185,-102,102,-59,59,-161,161
482,515,True,2023,2023-12-16,IND,PIT,1,30,13,17,-17,3,-3,123.4,63.3,3,4,13,30,34,24,170,74,96,-96,60,-60,156,-156
483,511,True,2023,2023-12-17,LAR,WAS,1,28,20,8,-8,-1,1,118.0,87.5,3,1,9,8,37,21,196,79,117,-117,31,-31,148,-148
484,491,True,2023,2023-12-17,BUF,DAL,1,31,10,21,-21,1,-1,89.3,54.3,1,3,9,28,49,20,266,89,177,-177,-21,21,156,-156
485,495,False,2023,2023-12-17,CHI,CLE,0,17,20,-3,3,0,0,46.5,75.0,3,4,18,31,27,18,88,29,59,-59,-200,200,-141,141
486,497,False,2023,2023-12-17,ARI,SFO,1,29,45,-16,16,-2,2,67.4,134.2,3,0,9,0,30,26,234,144,90,-90,-60,60,30,-30
487,499,False,2023,2023-12-17,GNB,TAM,1,20,34,-14,14,0,0,111.5,158.3,2,5,23,28,17,27,60,99,-39,39,-92,92,-131,131
488,493,False,2023,2023-12-17,ATL,CAR,0,7,9,-2,2,-2,2,79.6,91.3,0,3,0,13,31,36,52,129,-77,77,-2,2,-79,79
489,503,True,2023,2023-12-17,MIA,NYJ,1,30,0,30,-30,4,-4,116.0,32.6,3,6,15,56,28,12,77,23,54,-54,133,-133,187,-187
490,505,True,2023,2023-12-17,NOR,NYG,1,24,6,18,-18,0,0,132.5,64.9,1,7,9,57,28,16,87,60,27,-27,76,-76,103,-103
491,507,True,2023,2023-12-17,KAN,NWE,0,27,17,10,-10,-1,1,101.8,81.9,3,4,26,26,20,16,43,52,-9,9,129,-129,120,-120
492,509,True,2023,2023-12-17,HOU,TEN,0,19,16,3,-3,0,0,79.5,62.7,4,7,37,61,32,30,148,66,82,-82,54,-54,136,-136
493,501,False,2023,2023-12-17,JAX,BAL,1,7,23,-16,16,-1,1,83.9,72.4,1,3,6,26,17,42,75,251,-176,176,113,-113,-63,63
494,489,False,2023,2023-12-18,PHI,SEA,0,17,20,-3,3,-2,2,40.1,92.6,0,2,0,11,38,24,178,100,78,-78,-54,54,24,-24
495,487,False,2023,2023-12-21,NOR,LAR,0,22,30,-8,8,-1,1,106.1,120.3,2,1,15,3,16,32,35,133,-98,98,-21,21,-119,119
496,485,True,2023,2023-12-23,BUF,LAC,0,24,22,2,-2,-3,3,104.7,82.3,1,5,7,40,30,27,105,98,7,-7,55,-55,62,-62
497,483,False,2023,2023-12-23,CIN,PIT,0,11,34,-23,23,-3,3,69.0,123.1,3,1,26,6,16,30,59,113,-54,54,25,-25,-29,29
498,463,True,2023,2023-12-24,ATL,IND,1,29,10,19,-19,1,-1,99.2,55.0,1,6,0,31,30,25,177,92,85,-85,59,-59,144,-144
499,465,False,2023,2023-12-24,CAR,GNB,1,30,33,-3,3,0,0,110.0,107.3,2,1,14,12,25,34,96,162,-66,66,91,-91,25,-25
500,467,True,2023,2023-12-24,CHI,ARI,1,27,16,11,-11,-1,1,71.5,95.6,1,2,0,17,39,20,250,93,157,-157,-43,43,114,-114
501,471,True,2023,2023-12-24,CLE,HOU,0,36,22,14,-14,0,0,94.3,58.0,1,3,10,33,30,16,54,72,-18,18,186,-186,168,-168
502,469,False,2023,2023-12-24,DEN,NWE,1,23,26,-3,3,-1,1,103.2,114.5,5,2,45,26,23,21,83,59,24,-24,-37,37,-13,13
503,475,True,2023,2023-12-24,DET,MIN,0,30,24,6,-6,3,-3,99.7,75.1,1,4,11,38,36,11,143,17,126,-126,-127,127,-1,1
504,481,False,2023,2023-12-24,JAX,TAM,0,12,30,-18,18,-4,4,80.2,114.6,4,2,37,18,13,36,37,70,-33,33,3,-3,-30,30
505,473,False,2023,2023-12-24,DAL,MIA,0,20,22,-2,2,-1,1,107.9,97.1,4,1,11,9,25,26,97,91,6,-6,-42,42,-36,36
506,477,True,2023,2023-12-24,NYJ,WAS,1,30,28,2,-2,1,-1,64.8,42.9,0,1,0,13,36,22,164,102,62,-62,74,-74,136,-136
507,479,False,2023,2023-12-24,TEN,SEA,1,17,20,-3,3,0,0,98.4,103.4,6,3,39,12,31,20,162,58,104,-104,-90,90,14,-14
508,461,True,2023,2023-12-25,BAL,SFO,0,33,19,14,-14,5,-5,105.9,44.7,2,4,11,28,26,18,102,121,-19,19,-67,67,-86,86
509,459,False,2023,2023-12-25,NYG,PHI,0,25,33,-8,8,1,-1,65.6,84.9,1,1,2,6,26,35,106,170,-64,64,-109,109,-173,173
510,457,False,2023,2023-12-25,KAN,LVR,1,14,20,-6,6,-2,2,74.9,50.3,4,2,23,14,25,29,85,157,-72,72,175,-175,103,-103
511,455,True,2023,2023-12-28,CLE,NYJ,1,37,20,17,-17,-1,1,121.2,82.9,1,2,8,8,28,21,127,107,20,-20,48,-48,68,-68
512,453,True,2023,2023-12-30,DAL,DET,1,20,19,1,-1,0,0,103.5,70.5,3,1,22,7,21,31,61,125,-64,64,28,-28,-36,36
513,427,False,2023,2023-12-31,ATL,CHI,0,17,37,-20,20,-4,4,28.2,95.8,2,3,7,28,24,37,134,192,-58,58,-67,67,-125,125
514,429,True,2023,2023-12-31,IND,LVR,1,23,20,3,-3,0,0,111.5,94.8,1,2,9,13,29,25,134,84,50,-50,-71,71,-21,21
515,431,True,2023,2023-12-31,DEN,LAC,1,16,9,7,-7,1,-1,93.7,78.3,2,1,12,5,33,24,101,86,15,-15,-3,3,12,-12
516,433,True,2023,2023-12-31,HOU,TEN,1,26,3,23,-23,1,-1,102.7,81.2,1,6,12,50,28,21,111,53,58,-58,67,-67,125,-125
517,435,False,2023,2023-12-31,CAR,JAX,0,0,26,-26,26,-1,1,53.1,89.2,6,3,45,16,15,35,57,155,-98,98,-95,95,-193,193
518,437,False,2023,2023-12-31,CIN,KAN,0,17,25,-8,8,1,-1,85.0,108.5,6,2,38,4,32,22,104,132,-28,28,-82,82,-110,110
519,443,True,2023,2023-12-31,ARI,PHI,0,35,31,4,-4,0,0,116.7,120.8,1,0,4,0,40,23,221,91,130,-130,44,-44,174,-174
520,441,False,2023,2023-12-31,NYG,LAR,1,25,26,-1,1,2,-2,87.3,81.2,6,4,35,31,20,23,105,105,0,0,-2,2,-2,2
521,445,False,2023,2023-12-31,MIA,BAL,0,19,56,-37,37,-2,2,71.9,158.3,3,1,16,9,25,32,154,160,-6,6,-110,110,-116,116
522,425,True,2023,2023-12-31,BUF,NWE,1,27,21,6,-6,3,-3,53.3,44.4,1,3,15,18,37,24,127,103,24,-24,-37,37,-13,13
523,449,True,2023,2023-12-31,NOR,TAM,0,23,13,10,-10,4,-4,108.5,89.5,1,2,6,17,35,15,108,57,51,-51,-90,90,-39,39
524,451,True,2023,2023-12-31,SFO,WAS,0,27,10,17,-17,2,-2,124.7,59.1,1,1,6,6,39,14,184,62,122,-122,61,-61,183,-183
525,439,True,2023,2023-12-31,GNB,MIN,0,33,10,23,-23,1,-1,128.7,65.1,0,4,0,36,39,16,177,67,110,-110,149,-149,259,-259
526,447,True,2023,2023-12-31,PIT,SEA,0,30,23,7,-7,1,-1,112.2,105.7,1,1,8,9,46,15,202,88,114,-114,-15,15,99,-99
527,423,True,2023,2024-01-06,PIT,BAL,0,17,10,7,-7,0,0,115.0,76.2,3,4,18,28,39,25,155,106,49,-49,16,-16,65,-65
528,421,False,2023,2024-01-06,IND,HOU,1,19,23,-4,4,-1,1,71.7,131.2,1,2,8,18,37,28,227,60,167,-167,-113,113,54,-54
529,419,True,2023,2024-01-07,DAL,WAS,0,38,10,28,-28,2,-2,121.8,63.1,0,4,0,27,29,17,131,50,81,-81,179,-179,260,-260
530,393,False,2023,2024-01-07,CAR,TAM,1,0,9,-9,9,-2,2,74.8,69.1,3,3,26,22,29,29,131,113,18,-18,-47,47,-29,29
531,395,True,2023,2024-01-07,CIN,CLE,1,31,14,17,-17,1,-1,111.6,59.8,3,3,31,26,30,24,183,104,79,-79,5,-5,84,-84
532,397,False,2023,2024-01-07,ARI,SEA,1,20,21,-1,1,0,0,110.7,101.6,1,0,2,0,38,25,206,138,68,-68,71,-71,139,-139
533,401,False,2023,2024-01-07,CHI,GNB,0,9,17,-8,8,1,-1,97.9,127.6,5,1,31,8,25,27,75,124,-49,49,-191,191,-240,240
534,403,True,2023,2024-01-07,BUF,MIA,0,21,14,7,-7,-1,1,101.6,61.8,3,1,14,6,36,20,128,108,20,-20,178,-178,198,-198
535,399,True,2023,2024-01-07,DET,MIN,1,30,20,10,-10,2,-2,124.5,89.1,1,4,9,37,23,22,70,89,-19,19,-48,48,-67,67
536,407,False,2023,2024-01-07,NWE,NYJ,1,3,17,-14,14,-1,1,20.1,49.8,7,1,57,1,21,42,88,185,-97,97,-38,38,-135,135
537,409,True,2023,2024-01-07,NYG,PHI,1,27,10,17,-17,3,-3,99.0,53.7,2,5,5,37,30,24,109,133,-24,24,140,-140,116,-116
538,411,False,2023,2024-01-07,JAX,TEN,0,20,28,-8,8,-1,1,81.5,87.3,0,2,0,16,23,26,82,175,-93,93,128,-128,35,-35
539,413,False,2023,2024-01-07,DEN,LVR,0,14,27,-13,13,-1,1,82.0,104.9,5,3,34,14,20,31,48,129,-81,81,8,-8,-73,73
540,415,True,2023,2024-01-07,KAN,LAC,0,13,12,1,-1,0,0,51.3,72.6,1,3,9,23,28,30,123,118,5,-5,-90,90,-85,85
541,417,True,2023,2024-01-07,LAR,SFO,0,21,20,1,-1,0,0,99.8,94.2,2,3,14,14,36,29,109,125,-16,16,-26,26,-42,42
542,405,False,2023,2024-01-07,ATL,NOR,0,17,48,-31,31,-3,3,97.4,142.9,1,3,7,18,25,35,78,154,-76,76,65,-65,-11,11
543,391,True,2024,2024-09-05,KAN,BAL,1,27,20,7,-7,0,0,101.9,90.2,2,1,10,6,20,32,72,185,-113,113,14,-14,-99,99
544,389,False,2024,2024-09-06,GNB,PHI,0,29,34,-5,5,2,-2,80.7,78.8,2,2,9,12,21,38,163,144,19,-19,-15,15,4,-4
545,363,False,2024,2024-09-08,ATL,PIT,1,10,18,-8,8,-3,3,59.0,87.8,2,2,18,23,22,41,89,137,-48,48,4,-4,-44,44
546,365,True,2024,2024-09-08,BUF,ARI,1,34,28,6,-6,0,0,137.7,88.9,2,4,10,16,33,25,130,124,6,-6,76,-76,82,-82
547,371,False,2024,2024-09-08,CLE,DAL,1,17,33,-16,16,-2,2,51.1,83.2,6,3,32,16,19,25,93,102,-9,9,-26,26,-35,35
548,369,False,2024,2024-09-08,CIN,NWE,1,10,16,-6,6,-2,2,86.0,75.0,3,1,10,1,16,39,70,170,-100,100,34,-34,-66,66
549,373,False,2024,2024-09-08,IND,HOU,1,27,29,-2,2,-1,1,101.2,112.0,2,4,13,30,22,40,104,213,-109,109,-5,5,-114,114
550,367,True,2024,2024-09-08,CHI,TEN,1,24,17,7,-7,2,-2,55.7,49.5,2,3,29,23,22,26,84,140,-56,56,-40,40,-96,96
551,377,False,2024,2024-09-08,JAX,MIA,0,17,20,-3,3,-1,1,97.7,98.8,3,3,23,19,26,25,128,81,47,-47,-180,180,-133,133
552,387,True,2024,2024-09-08,TAM,WAS,1,37,20,17,-17,0,0,146.4,89.1,1,2,9,23,30,30,112,138,-26,26,119,-119,93,-93
553,385,False,2024,2024-09-08,DEN,SEA,0,20,26,-6,6,-1,1,47.5,85.1,2,2,6,13,25,33,99,146,-47,47,-26,26,-73,73
554,375,True,2024,2024-09-08,DET,LAR,1,26,20,6,-6,0,0,85.0,84.1,2,2,17,13,31,23,163,83,80,-80,-104,104,-24,24
555,381,True,2024,2024-09-08,MIN,NYG,0,28,6,22,-22,0,0,113.2,42.4,1,5,7,20,26,21,111,74,37,-37,35,-35,72,-72
556,379,False,2024,2024-09-08,CAR,NOR,0,10,47,-37,37,-2,2,31.8,140.8,4,1,26,1,20,37,58,180,-122,122,-64,64,-186,186
557,383,False,2024,2024-09-08,LVR,LAC,0,10,22,-12,12,-3,3,95.1,91.8,4,1,32,4,22,27,71,176,-105,105,85,-85,-20,20
558,361,False,2024,2024-09-09,NYJ,SFO,0,19,32,-13,13,-2,2,94.5,88.4,1,3,5,10,19,38,68,180,-112,112,-23,23,-135,135
559,359,True,2024,2024-09-12,BUF,MIA,0,31,10,21,-21,3,-3,107.1,54.6,0,2,0,13,26,34,108,139,-31,31,-73,73,-104,104
560,331,False,2024,2024-09-15,CAR,LAC,1,3,26,-23,23,1,-1,57.2,100.0,2,1,15,0,18,44,90,219,-129,129,-61,61,-190,190
561,333,True,2024,2024-09-15,ARI,LAR,1,41,10,31,-31,0,0,158.3,90.4,1,5,8,24,40,20,231,53,178,-178,66,-66,244,-244
562,335,False,2024,2024-09-15,DAL,NOR,1,19,44,-25,25,-1,1,75.4,125.0,3,1,14,1,21,39,68,190,-122,122,43,-43,-79,79
563,337,False,2024,2024-09-15,DEN,PIT,1,6,13,-7,7,-2,2,55.2,95.8,2,2,15,7,19,36,64,141,-77,77,121,-121,44,-44
564,339,False,2024,2024-09-15,DET,TAM,1,16,20,-4,4,-1,1,63.4,82.3,0,5,0,39,27,23,139,70,69,-69,178,-178,247,-247
565,341,False,2024,2024-09-15,IND,GNB,0,10,16,-6,6,-2,2,41.8,126.8,1,0,6,0,18,53,140,261,-121,121,76,-76,-45,45
566,347,False,2024,2024-09-15,CIN,KAN,0,25,26,-1,1,2,-2,103.7,78.2,3,2,12,14,22,32,74,149,-75,75,109,-109,34,-34
567,345,True,2024,2024-09-15,CLE,JAX,0,18,13,5,-5,0,0,78.8,68.2,2,4,14,24,29,21,125,127,-2,2,-24,24,-26,26
568,349,True,2024,2024-09-15,MIN,SFO,1,23,17,6,-6,0,0,109.1,98.4,4,6,11,25,24,25,146,102,44,-44,-37,37,7,-7
569,353,True,2024,2024-09-15,NYJ,TEN,0,24,17,7,-7,2,-2,98.7,81.0,2,4,12,22,24,28,101,130,-29,29,-6,6,-35,35
570,355,True,2024,2024-09-15,LVR,BAL,0,26,23,3,-3,0,0,94.7,79.5,5,2,43,15,17,27,27,151,-124,124,1,-1,-123,123
571,357,False,2024,2024-09-15,NYG,WAS,0,18,21,-3,3,-1,1,100.0,96.8,1,5,3,16,22,35,129,215,-86,86,-35,35,-121,121
572,343,False,2024,2024-09-15,CHI,HOU,0,13,19,-6,6,-1,1,51.0,91.8,7,3,40,25,22,22,71,75,-4,4,-101,101,-105,105
573,351,False,2024,2024-09-15,NWE,SEA,1,20,23,-3,3,0,0,83.7,101.7,3,3,24,15,36,19,185,46,139,-139,-187,187,-48,48
574,329,True,2024,2024-09-16,ATL,PHI,0,22,21,1,-1,1,-1,117.2,88.1,1,1,8,4,28,37,152,186,-34,34,54,-54,20,-20
575,327,False,2024,2024-09-19,NWE,NYJ,0,3,24,-21,21,-1,1,72.6,117.2,7,2,59,14,15,33,78,133,-55,55,-206,206,-261,261
576,322,True,2024,2024-09-22,DEN,TAM,0,26,7,19,-19,1,-1,85.0,79.4,0,7,0,31,28,16,136,91,45,-45,84,-84,129,-129
577,301,True,2024,2024-09-22,NYG,CLE,0,21,15,6,-6,0,0,106.4,84.1,2,8,8,48,32,18,112,69,43,-43,80,-80,123,-123
578,324,False,2024,2024-09-22,ATL,KAN,1,17,22,-5,5,0,0,89.7,87.2,2,0,1,0,25,33,82,128,-46,46,12,-12,-34,34
579,304,False,2024,2024-09-22,ARI,DET,1,13,20,-7,7,0,0,76.5,111.2,1,2,7,13,18,43,77,187,-110,110,14,-14,-96,96
580,306,False,2024,2024-09-22,DAL,BAL,1,25,28,-3,3,-1,1,91.9,139.4,3,0,18,0,16,45,51,274,-223,223,179,-179,-44,44
581,308,False,2024,2024-09-22,HOU,MIN,0,7,34,-27,27,-2,2,72.8,115.5,5,4,49,25,14,28,38,118,-80,80,102,-102,22,-22
582,302,False,2024,2024-09-22,CHI,IND,0,16,21,-5,5,-1,1,80.8,36.7,4,1,31,11,28,33,63,150,-87,87,176,-176,89,-89
583,312,True,2024,2024-09-22,GNB,TEN,0,30,14,16,-16,3,-3,120.9,85.9,3,8,12,56,37,11,188,33,155,-155,-14,14,141,-141
584,314,True,2024,2024-09-22,PIT,LAC,1,20,10,10,-10,-1,1,96.0,99.0,2,5,13,44,31,20,114,61,53,-53,127,-127,180,-180
585,316,True,2024,2024-09-22,CAR,LVR,0,36,22,14,-14,1,-1,123.6,93.3,2,3,13,20,31,16,131,55,76,-76,30,-30,106,-106
586,318,True,2024,2024-09-22,LAR,SFO,1,27,24,3,-3,1,-1,101.6,136.5,3,1,23,4,26,34,98,137,-39,39,-90,90,-129,129
587,320,False,2024,2024-09-22,MIA,SEA,0,3,24,-21,21,2,-2,78.4,84.2,6,3,46,19,18,23,65,100,-35,35,-130,130,-165,165
588,310,False,2024,2024-09-22,NOR,PHI,1,12,15,-3,3,1,-1,69.1,86.3,1,4,12,23,29,25,89,172,-83,83,-158,158,-241,241
589,299,False,2024,2024-09-23,CIN,WAS,1,33,38,-5,5,0,0,127.5,140.6,2,2,12,6,20,32,124,108,16,-16,64,-64,80,-80
590,297,True,2024,2024-09-23,BUF,JAX,1,47,10,37,-37,2,-2,141.9,60.7,0,5,0,53,29,17,122,92,30,-30,119,-119,149,-149
591,295,True,2024,2024-09-26,DAL,NYG,0,20,15,5,-5,1,-1,125.5,80.9,1,1,8,4,23,24,80,26,54,-54,-64,64,-10,10
592,277,False,2024,2024-09-29,ARI,WAS,1,14,42,-28,28,0,0,104.7,96.3,4,0,27,0,32,37,181,216,-35,35,-118,118,-153,153
593,269,True,2024,2024-09-29,ATL,NOR,1,26,24,2,-2,1,-1,68.5,82.3,1,1,11,4,15,33,88,131,-43,43,-8,8,-51,51
594,271,False,2024,2024-09-29,CAR,CIN,1,24,34,-10,10,0,0,81.4,100.5,0,0,0,0,29,31,155,141,14,-14,-12,12,2,-2
595,273,True,2024,2024-09-29,CHI,LAR,1,24,18,6,-6,2,-2,106.6,74.4,3,3,24,21,28,26,131,119,12,-12,-70,70,-58,58
596,275,True,2024,2024-09-29,IND,PIT,1,27,24,3,-3,2,-2,110.3,100.4,2,4,14,30,32,30,133,122,11,-11,-57,57,-46,46
597,279,False,2024,2024-09-29,GNB,MIN,1,29,31,-2,2,-1,1,83.0,120.2,1,2,10,21,19,34,86,120,-34,34,125,-125,91,-91
598,285,False,2024,2024-09-29,CLE,LVR,0,16,20,-4,4,0,0,84.9,70.8,3,2,27,14,22,29,92,152,-60,60,33,-33,-27,27
599,283,True,2024,2024-09-29,DEN,NYJ,0,10,9,1,-1,0,0,67.9,68.0,0,5,0,41,31,23,126,64,62,-62,-124,124,-62,62
600,291,False,2024,2024-09-29,NWE,SFO,0,13,30,-17,17,-1,1,70.8,89.0,6,1,25,5,24,32,73,148,-75,75,-140,140,-215,215
601,289,True,2024,2024-09-29,KAN,LAC,0,17,10,7,-7,-2,2,89.0,89.9,3,2,17,10,26,24,101,55,46,-46,59,-59,105,-105
602,281,True,2024,2024-09-29,HOU,JAX,1,24,20,4,-4,-1,1,110.9,87.3,2,1,11,14,26,24,101,158,-57,57,179,-179,122,-122
603,293,False,2024,2024-09-29,PHI,TAM,0,16,33,-17,17,-2,2,85.1,99.1,6,2,44,13,20,25,113,111,2,-2,-220,220,-218,218
604,287,False,2024,2024-09-29,BUF,BAL,0,10,35,-25,25,0,0,72.2,132.8,3,1,27,1,23,34,81,271,-190,190,-1,1,-191,191
605,267,False,2024,2024-09-30,MIA,TEN,1,12,31,-19,19,0,0,73.3,50.1,2,1,18,8,30,40,106,142,-36,36,-24,24,-60,60
606,265,True,2024,2024-09-30,DET,SEA,1,42,29,13,-13,2,-2,158.3,85.6,3,3,26,12,28,19,116,133,-17,17,-110,110,-127,127
607,263,True,2024,2024-10-03,ATL,TAM,1,36,30,6,-6,0,0,112.9,136.3,4,1,32,7,18,26,73,160,-87,87,304,-304,217,-217
608,241,False,2024,2024-10-06,CIN,BAL,1,38,41,-3,3,0,0,137.0,119.6,3,1,21,3,23,34,71,175,-104,104,26,-26,-78,78
609,243,True,2024,2024-10-06,DEN,LVR,1,34,18,16,-16,3,-3,117.2,51.1,3,3,26,16,28,25,109,115,-6,6,-35,35,-41,41
610,245,False,2024,2024-10-06,BUF,HOU,0,20,23,-3,3,2,-2,56.4,97.6,1,1,5,0,28,28,150,94,56,-56,-205,205,-149,149
611,247,False,2024,2024-10-06,IND,JAX,0,34,37,-3,3,1,-1,122.7,119.5,4,0,35,0,20,23,99,126,-27,27,-23,23,-50,50
612,249,True,2024,2024-10-06,MIN,NYJ,1,23,17,6,-6,1,-1,54.6,52.9,4,3,32,26,30,14,82,36,46,-46,-47,47,-1,1
613,253,True,2024,2024-10-06,DAL,PIT,0,20,17,3,-3,-2,2,90.6,93.5,2,3,16,16,31,26,109,92,17,-17,202,-202,219,-219
614,255,True,2024,2024-10-06,GNB,LAR,0,24,19,5,-5,1,-1,95.7,75.8,2,3,22,24,30,28,126,134,-8,8,-34,34,-42,42
615,239,False,2024,2024-10-06,CAR,CHI,0,10,36,-26,26,-3,3,65.7,125.1,4,1,22,8,19,39,120,128,-8,8,-124,124,-132,132
616,259,True,2024,2024-10-06,ARI,SFO,0,24,23,1,-1,2,-2,79.2,60.5,1,2,6,13,26,26,169,153,16,-16,-42,42,-26,26
617,261,False,2024,2024-10-06,CLE,WAS,0,13,34,-21,21,1,-1,79.8,76.3,7,3,33,17,23,34,104,215,-111,111,-111,111,-222,222
618,251,True,2024,2024-10-06,MIA,NWE,0,15,10,5,-5,-2,2,63.1,64.3,3,2,15,12,41,19,193,151,42,-42,31,-31,73,-73
619,257,True,2024,2024-10-06,NYG,SEA,0,29,20,9,-9,0,0,109.6,92.8,3,7,12,53,34,11,175,102,73,-73,14,-14,87,-87
620,237,True,2024,2024-10-07,KAN,NOR,1,26,13,13,-13,0,0,86.6,77.6,2,1,10,8,39,15,139,46,93,-93,147,-147,240,-240
621,235,False,2024,2024-10-10,SEA,SFO,1,24,36,-12,12,-3,3,65.5,129.3,1,0,6,0,20,33,52,228,-176,176,51,-51,-125,125
622,233,True,2024,2024-10-13,BAL,WAS,1,30,23,7,-7,-1,1,114.7,108.4,2,3,15,16,37,18,176,52,124,-124,55,-55,179,-179
623,211,True,2024,2024-10-13,ATL,CAR,0,38,20,18,-18,1,-1,97.2,78.9,0,0,0,0,38,24,198,114,84,-84,4,-4,88,-88
624,213,True,2024,2024-10-13,CHI,JAX,1,35,16,19,-19,1,-1,124.4,88.9,3,4,5,30,29,20,152,68,84,-84,11,-11,95,-95
625,217,False,2024,2024-10-13,DEN,LAC,1,16,23,-7,7,-2,2,84.9,90.6,2,3,10,15,18,38,110,128,-18,18,-16,16,-34,34
626,219,False,2024,2024-10-13,ARI,GNB,0,13,34,-21,21,-2,2,97.7,119.5,0,0,0,0,23,38,89,179,-90,90,-44,44,-134,134
627,215,False,2024,2024-10-13,DAL,DET,1,9,47,-38,38,-5,5,42.2,145.3,4,3,26,26,17,36,53,184,-131,131,-110,110,-241,241
628,223,True,2024,2024-10-13,HOU,NWE,0,41,21,20,-20,3,-3,97.4,84.0,2,4,16,34,28,26,192,82,110,-110,-33,33,77,-77
629,225,True,2024,2024-10-13,CIN,NYG,0,17,7,10,-10,0,0,89.6,55.9,4,2,25,15,20,31,121,119,2,-2,-7,7,-5,5
630,227,True,2024,2024-10-13,IND,TEN,0,20,17,3,-3,0,0,77.6,63.0,0,0,0,0,28,28,80,146,-66,66,94,-94,28,-28
631,229,False,2024,2024-10-13,CLE,PHI,0,16,20,-4,4,0,0,90.5,124.7,5,1,24,8,25,36,100,116,-16,16,-112,112,-128,128
632,231,True,2024,2024-10-13,PIT,LVR,0,32,13,19,-19,3,-3,75.9,79.0,3,1,35,9,35,19,183,57,126,-126,-108,108,18,-18
633,221,False,2024,2024-10-13,NOR,TAM,1,27,51,-24,24,0,0,60.7,96.6,5,1,21,8,21,35,81,277,-196,196,-95,95,-291,291
634,209,True,2024,2024-10-14,BUF,NYJ,0,23,20,3,-3,1,-1,127.9,96.4,2,3,5,22,33,21,149,121,28,-28,-62,62,-34,34
635,207,True,2024,2024-10-17,DEN,NOR,0,33,10,23,-23,1,-1,79.6,89.0,0,6,0,36,35,21,225,97,128,-128,-10,10,118,-118
636,183,True,2024,2024-10-20,SEA,ATL,0,34,14,20,-20,3,-3,114.4,70.8,1,3,6,32,26,32,103,155,-52,52,22,-22,-30,30
637,184,True,2024,2024-10-20,DET,MIN,0,31,29,2,-2,0,0,140.0,101.2,4,4,33,15,27,21,144,139,5,-5,3,-3,8,-8
638,188,False,2024,2024-10-20,CLE,CIN,1,14,21,-7,7,-2,2,64.3,106.1,4,3,18,17,21,25,77,59,18,-18,95,-95,113,-113
639,187,True,2024,2024-10-20,IND,MIA,1,16,10,6,-6,1,-1,59.2,86.9,0,2,0,12,37,40,155,188,-33,33,-20,20,-53,53
640,190,False,2024,2024-10-20,TEN,BUF,0,10,34,-24,24,-2,2,74.5,115.1,3,1,15,8,24,20,89,74,15,-15,-115,115,-100,100
641,185,False,2024,2024-10-20,HOU,GNB,0,22,24,-2,2,3,-3,58.8,92.4,4,3,31,25,33,20,142,82,60,-60,-140,140,-80,80
642,195,False,2024,2024-10-20,NYG,PHI,1,3,28,-25,25,0,0,66.0,99.3,8,5,62,44,18,45,76,269,-193,193,-27,27,-220,220
643,205,False,2024,2024-10-20,CAR,WAS,0,7,40,-33,33,-2,2,43.3,127.8,2,1,4,4,23,37,95,214,-119,119,-122,122,-241,241
644,203,True,2024,2024-10-20,KAN,SFO,0,28,18,10,-10,1,-1,44.4,36.3,2,1,9,3,39,24,184,101,83,-83,-64,64,19,-19
645,191,False,2024,2024-10-20,NWE,JAX,0,16,32,-16,16,0,0,109.7,121.5,2,0,19,0,15,39,38,171,-133,133,64,-64,-69,69
646,197,False,2024,2024-10-20,NYJ,PIT,0,15,37,-22,22,-2,2,70.0,108.4,1,1,7,4,15,36,54,149,-95,95,9,-9,-86,86
647,200,True,2024,2024-10-20,LAR,LVR,1,20,15,5,-5,3,-3,62.6,31.9,1,2,10,11,28,29,115,122,-7,7,-51,51,-58,58
648,180,False,2024,2024-10-21,TAM,BAL,1,31,41,-10,10,-1,1,97.5,156.1,3,2,14,17,30,30,125,244,-119,119,92,-92,-27,27
649,179,True,2024,2024-10-21,ARI,LAC,1,17,15,2,-2,1,-1,67.0,95.7,0,3,0,13,29,22,181,59,122,-122,-191,191,-69,69
650,177,True,2024,2024-10-24,LAR,MIN,1,30,20,10,-10,-1,1,124.5,124.1,0,3,0,28,32,22,107,64,43,-43,67,-67,110,-110
651,150,True,2024,2024-10-27,HOU,IND,1,23,20,3,-3,1,-1,99.5,43.7,2,5,18,35,29,26,96,163,-67,67,127,-127,60,-60
652,151,False,2024,2024-10-27,BAL,CLE,0,24,29,-5,5,1,-1,101.8,114.0,3,2,26,13,21,23,124,80,44,-44,-58,58,-14,14
653,153,False,2024,2024-10-27,TEN,DET,0,14,52,-38,38,-4,4,66.3,119.6,1,4,8,33,32,24,158,164,-6,6,197,-197,191,-191
654,156,True,2024,2024-10-27,GNB,JAX,0,30,27,3,-3,1,-1,93.4,103.5,1,1,0,9,39,23,170,91,79,-79,-47,47,32,-32
655,157,False,2024,2024-10-27,MIA,ARI,1,27,28,-1,1,0,0,97.9,116.3,1,0,7,0,25,26,150,82,68,-68,-80,80,-12,12
656,158,True,2024,2024-10-27,ATL,TAM,0,31,26,5,-5,3,-3,145.9,94.6,2,0,11,0,29,22,129,102,27,-27,-65,65,-38,38
657,163,False,2024,2024-10-27,NOR,LAC,0,8,26,-18,18,0,0,73.6,108.3,5,3,32,23,21,29,117,122,-5,5,-7,7,-12,12
658,164,False,2024,2024-10-27,LVR,KAN,1,20,27,-7,7,0,0,117.9,95.5,5,1,14,10,21,29,33,82,-49,49,-57,57,-106,106
659,149,False,2024,2024-10-27,CAR,DEN,0,14,28,-14,14,0,0,74.9,123.7,2,2,9,17,20,32,69,102,-33,33,-83,83,-116,116
660,170,False,2024,2024-10-27,SEA,BUF,1,10,31,-21,21,-1,1,78.5,102.7,1,1,11,2,17,34,32,164,-132,132,-80,80,-212,212
661,171,True,2024,2024-10-27,SFO,DAL,1,30,24,6,-6,2,-2,114.3,78.4,2,2,14,7,36,19,223,56,167,-167,10,-10,177,-177
662,174,True,2024,2024-10-27,WAS,CHI,1,18,15,3,-3,1,-1,92.7,55.0,2,3,13,26,32,33,168,202,-34,34,208,-208,174,-174
663,161,True,2024,2024-10-27,NWE,NYJ,1,25,22,3,-3,0,0,73.6,109.8,2,1,19,9,31,28,112,112,0,0,-88,88,-88,88
664,166,True,2024,2024-10-27,PHI,CIN,0,37,17,20,-20,2,-2,132.5,83.4,0,1,0,12,39,20,161,58,103,-103,14,-14,117,-117
665,147,False,2024,2024-10-28,NYG,PIT,0,18,26,-8,8,-1,1,72.7,112.1,4,4,27,19,25,31,157,167,-10,10,-22,22,-32,32
666,145,True,2024,2024-10-31,NYJ,HOU,1,21,13,8,-8,0,0,118.1,49.8,2,8,18,56,21,36,100,187,-87,87,58,-58,-29,29
667,140,False,2024,2024-11-03,JAX,PHI,0,23,28,-5,5,-2,2,40.9,128.8,2,3,14,20,18,46,60,237,-177,177,-55,55,-232,232
668,119,True,2024,2024-11-03,TEN,NWE,1,20,17,3,-3,2,-2,90.5,67.6,1,4,7,21,39,20,167,110,57,-57,48,-48,105,-105
669,120,True,2024,2024-11-03,LAC,CLE,0,27,10,17,-17,3,-3,125.8,48.6,6,6,36,22,23,24,96,79,17,-17,33,-33,50,-50
670,122,False,2024,2024-11-03,MIA,BUF,0,27,30,-3,3,0,0,124.9,95.1,1,1,7,4,31,19,149,94,55,-55,-7,7,48,-48
671,124,True,2024,2024-11-03,CIN,LVR,1,41,24,17,-17,1,-1,115.5,85.0,1,5,8,41,31,21,130,60,70,-70,86,-86,156,-156
672,125,False,2024,2024-11-03,NOR,CAR,0,22,23,-1,1,1,-1,90.1,76.8,1,1,6,5,41,23,197,80,117,-117,64,-64,181,-181
673,121,False,2024,2024-11-03,CHI,ARI,0,9,29,-20,20,2,-2,68.9,84.8,6,3,45,17,23,34,69,213,-144,144,35,-35,-109,109
674,128,True,2024,2024-11-03,MIN,IND,1,21,13,8,-8,-1,1,108.6,60.6,4,3,30,20,32,19,133,68,65,-65,123,-123,188,-188
675,130,True,2024,2024-11-03,WAS,NYG,0,27,22,5,-5,1,-1,128.8,117.8,0,2,0,12,38,31,149,164,-15,15,47,-47,32,-32
676,133,True,2024,2024-11-03,BAL,DEN,1,41,10,31,-31,1,-1,158.3,72.8,1,4,11,28,34,30,127,122,5,-5,72,-72,77,-77
677,135,False,2024,2024-11-03,DAL,ATL,0,21,27,-6,6,1,-1,87.7,142.7,3,2,7,12,21,30,137,100,37,-37,31,-31,68,-68
678,138,True,2024,2024-11-03,LAR,SEA,0,26,20,6,-6,2,-2,83.3,85.0,0,7,0,46,24,33,68,107,-39,39,-19,19,-58,58
679,126,False,2024,2024-11-03,GNB,DET,1,14,24,-10,10,-1,1,69.7,107.8,0,1,0,8,23,32,138,124,14,-14,136,-136,150,-150
680,117,True,2024,2024-11-04,KAN,TAM,1,30,24,6,-6,-1,1,116.8,110.8,4,2,31,11,35,19,124,95,29,-29,71,-71,100,-100
681,115,True,2024,2024-11-07,BAL,CIN,1,35,34,1,-1,1,-1,141.4,107.8,0,3,0,7,25,16,99,49,50,-50,-131,131,-81,81
682,91,False,2024,2024-11-10,NYJ,ARI,0,6,31,-25,25,-1,1,72.4,125.5,3,1,23,7,17,32,79,147,-68,68,-131,131,-199,199
683,92,True,2024,2024-11-10,PIT,WAS,0,28,27,1,-1,-1,1,90.4,66.1,3,3,23,20,43,22,140,60,80,-80,-10,10,70,-70
684,95,False,2024,2024-11-10,TAM,SFO,1,20,23,-3,3,1,-1,82.0,117.6,2,3,11,15,27,22,110,75,35,-35,-233,233,-198,198
685,94,True,2024,2024-11-10,CAR,NYG,1,20,17,3,-3,2,-2,86.4,48.8,1,2,8,15,32,34,188,167,21,-21,-57,57,-36,36
686,96,False,2024,2024-11-10,DEN,KAN,0,14,16,-2,2,0,0,115.3,89.7,2,4,33,23,23,19,78,57,21,-21,-61,61,-40,40
687,93,False,2024,2024-11-10,IND,BUF,1,20,30,-10,10,-2,2,79.7,60.6,4,2,32,0,22,31,121,135,-14,14,-40,40,-54,54
688,98,False,2024,2024-11-10,HOU,DET,1,23,26,-3,3,3,-3,64.2,59.7,4,0,40,0,28,32,56,105,-49,49,-48,48,-97,97
689,100,True,2024,2024-11-10,NOR,ATL,1,20,17,3,-3,1,-1,126.9,73.0,0,3,0,19,27,32,96,181,-85,85,-18,18,-103,103
690,101,True,2024,2024-11-10,PHI,DAL,0,34,6,28,-28,3,-3,109.5,49.1,5,3,46,17,38,24,187,97,90,-90,112,-112,202,-202
691,104,False,2024,2024-11-10,TEN,LAC,0,17,27,-10,10,0,0,127.4,123.1,7,0,18,0,21,39,132,145,-13,13,-7,7,-20,20
692,105,True,2024,2024-11-10,NWE,CHI,0,19,3,16,-16,-1,1,79.4,59.0,1,9,0,51,35,20,144,73,71,-71,115,-115,186,-186
693,97,True,2024,2024-11-10,MIN,JAX,0,12,7,5,-5,0,0,48.2,33.7,1,3,8,24,43,18,169,56,113,-113,146,-146,259,-259
694,89,False,2024,2024-11-11,LAR,MIA,1,15,23,-8,8,0,0,77.5,84.1,4,3,36,36,18,22,70,67,3,-3,86,-86,89,-89
695,87,False,2024,2024-11-14,WAS,PHI,0,18,26,-8,8,-1,1,81.6,86.3,3,2,20,15,28,40,93,228,-135,135,-35,35,-170,170
696,63,True,2024,2024-11-17,PIT,BAL,1,18,16,2,-2,2,-2,67.5,65.8,4,2,24,2,34,19,122,124,-2,2,-24,24,-26,26
697,65,True,2024,2024-11-17,NOR,CLE,1,35,14,21,-21,-2,2,112.1,102.9,1,3,7,18,28,20,214,66,148,-148,-118,118,30,-30
698,66,False,2024,2024-11-17,KAN,BUF,0,21,30,-9,9,-1,1,90.0,83.5,2,0,15,0,17,31,78,104,-26,26,-81,81,-107,107
699,67,False,2024,2024-11-17,NYJ,IND,1,27,28,-1,1,1,-1,114.7,102.2,3,2,22,31,20,35,91,91,0,0,-79,79,-79,79
700,68,False,2024,2024-11-17,NWE,LAR,1,22,28,-6,6,-2,2,100.6,142.7,3,0,25,0,30,24,125,107,18,-18,-38,38,-20,20
701,69,True,2024,2024-11-17,GNB,CHI,0,20,19,1,-1,-1,1,113.0,92.4,1,3,1,19,25,34,106,179,-73,73,48,-48,-25,25
702,73,False,2024,2024-11-17,JAX,DET,0,6,52,-46,46,-1,1,56.4,158.3,1,0,9,0,17,43,41,196,-155,155,-320,320,-475,475
703,74,True,2024,2024-11-17,MIA,LVR,1,34,19,15,-15,1,-1,127.8,92.0,2,3,17,14,26,16,82,60,22,-22,3,-3,25,-25
704,75,True,2024,2024-11-17,SEA,SFO,0,20,17,3,-3,0,0,82.4,83.3,4,2,26,13,23,27,94,131,-37,37,49,-49,12,-12
705,76,True,2024,2024-11-17,MIN,TEN,0,23,13,10,-10,0,0,107.0,80.2,2,5,10,34,33,19,82,33,49,-49,-25,25,24,-24
706,77,True,2024,2024-11-17,LAC,CIN,1,34,27,7,-7,-1,1,94.3,97.2,2,3,17,14,25,25,155,110,45,-45,-62,62,-17,17
707,70,False,2024,2024-11-17,ATL,DEN,0,6,38,-32,32,-1,1,68.9,143.5,4,1,21,12,21,26,50,105,-55,55,-119,119,-174,174
708,61,False,2024,2024-11-18,DAL,HOU,1,10,34,-24,24,-1,1,76.3,76.8,5,1,34,7,18,25,64,141,-77,77,74,-74,-3,3
709,59,True,2024,2024-11-21,CLE,PIT,1,24,19,5,-5,-2,2,76.0,109.6,1,4,0,22,27,34,85,120,-35,35,-29,29,-64,64
710,37,False,2024,2024-11-24,WAS,DAL,1,26,34,-8,8,-2,2,82.7,116.8,4,1,8,6,25,28,145,91,54,-54,26,-26,80,-80
711,38,True,2024,2024-11-24,DET,IND,0,24,6,18,-18,0,0,93.4,60.4,3,0,16,0,33,21,137,96,41,-41,81,-81,122,-122
712,39,True,2024,2024-11-24,KAN,CAR,0,30,27,3,-3,0,0,120.2,91.2,5,2,43,14,26,21,165,85,80,-80,-23,23,57,-57
713,40,True,2024,2024-11-24,DEN,LVR,0,29,19,10,-10,2,-2,94.6,72.8,1,5,11,28,22,16,63,69,-6,6,-38,38,-44,44
714,41,True,2024,2024-11-24,SEA,ARI,1,16,6,10,-10,0,0,92.7,72.9,5,5,34,36,25,14,65,49,16,-16,-29,29,-13,13
715,45,True,2024,2024-11-24,MIA,NWE,1,34,15,19,-19,1,-1,128.9,68.2,2,4,9,39,24,21,65,86,-21,21,125,-125,104,-104
716,50,True,2024,2024-11-24,MIN,CHI,0,30,27,3,-3,0,0,116.8,99.3,3,3,16,20,27,22,124,78,46,-46,8,-8,54,-54
717,51,False,2024,2024-11-24,SFO,GNB,0,10,38,-28,28,-3,3,76.7,106.4,2,2,2,7,16,42,44,169,-125,125,41,-41,-84,84
718,54,False,2024,2024-11-24,HOU,TEN,1,27,32,-5,5,1,-1,78.7,111.6,4,8,27,41,17,33,40,132,-92,92,-17,17,-109,109
719,55,False,2024,2024-11-24,LAR,PHI,1,20,37,-17,17,-1,1,104.3,105.7,5,1,45,12,18,45,92,314,-222,222,31,-31,-191,191
720,43,True,2024,2024-11-24,TAM,NYG,0,30,7,23,-23,0,0,107.5,81.4,0,4,0,23,32,20,157,76,81,-81,125,-125,206,-206
721,35,True,2024,2024-11-25,BAL,LAC,0,30,23,7,-7,0,0,126.5,74.1,1,4,0,16,37,20,212,83,129,-129,-25,25,104,-104
722,32,False,2024,2024-11-28,MIA,GNB,0,17,30,-13,13,-1,1,114.2,129.2,5,0,29,0,14,25,39,114,-75,75,62,-62,-13,13
723,31,True,2024,2024-11-28,DET,CHI,1,23,20,3,-3,-1,1,100.2,94.3,2,5,10,33,33,15,194,78,116,-116,-12,12,104,-104
724,29,False,2024,2024-11-28,NYG,DAL,0,20,27,-7,7,-2,2,66.9,82.5,6,0,47,0,21,32,116,122,-6,6,-64,64,-70,70
725,27,True,2024,2024-11-29,KAN,LVR,1,19,17,2,-2,1,-1,84.1,113.7,5,3,40,22,16,25,63,116,-53,53,-52,52,-105,105
726,5,False,2024,2024-12-01,JAX,HOU,1,20,23,-3,3,-1,1,83.0,92.5,0,2,0,24,25,25,97,108,-11,11,58,-58,47,-47
727,6,False,2024,2024-12-01,CIN,PIT,1,38,44,-6,6,-2,2,112.7,126.0,4,2,27,4,15,26,93,110,-17,17,-128,128,-145,145
728,7,True,2024,2024-12-01,TAM,CAR,0,26,23,3,-3,-1,1,70.7,82.6,4,1,31,9,39,21,236,78,158,-158,-80,80,78,-78
729,8,False,2024,2024-12-01,SFO,BUF,0,10,35,-25,25,-3,3,74.8,138.9,2,0,8,0,27,38,153,220,-67,67,-66,66,-133,133
730,9,True,2024,2024-12-01,LAR,NOR,0,21,14,7,-7,0,0,110.2,85.9,2,0,17,0,29,31,156,143,13,-13,-18,18,-5,5
731,14,True,2024,2024-12-01,MIN,ARI,1,23,22,1,-1,1,-1,111.6,71.7,5,1,30,8,15,31,68,154,-86,86,-47,47,-133,133
732,11,True,2024,2024-12-01,IND,NWE,0,25,24,1,-1,-1,1,55.7,94.7,0,4,0,16,34,31,144,200,-56,56,-113,113,-169,169
733,13,False,2024,2024-12-01,NYJ,SEA,1,21,26,-5,5,0,0,73.1,90.1,2,3,16,31,21,23,89,84,5,-5,-6,6,-1,1
734,15,True,2024,2024-12-01,PHI,BAL,0,24,19,5,-5,0,0,93.7,97.7,2,3,6,31,33,32,140,166,-26,26,-94,94,-120,120
735,17,False,2024,2024-12-01,TEN,WAS,0,19,42,-23,23,-1,1,84.5,113.3,2,2,2,10,11,45,35,267,-232,232,14,-14,-218,218
736,10,False,2024,2024-12-01,ATL,LAC,1,13,17,-4,4,-3,3,40.0,83.9,1,5,11,19,37,17,116,56,60,-60,103,-103,163,-163
737,3,True,2024,2024-12-02,DEN,CLE,1,41,32,9,-9,1,-1,65.7,86.5,0,3,0,22,26,23,106,77,29,-29,-181,181,-152,152
738,1,True,2024,2024-12-05,DET,GNB,1,34,31,3,-3,0,0,109.7,110.2,1,1,3,7,34,24,111,99,12,-12,81,-81,93,-93
